,GO_pathways,auc_liu_GO_GA_response,auc_riaz_GO_GA_response,auc_liu_GO_GA_resistance,auc_riaz_GO_GA_resistance
0,GO_POSITIVE_REGULATION_OF_VIRAL_TRANSCRIPTION,0.5393258426966293,0.519496855345912,0.4887640449438202,0.49056603773584906
1,GO_CARDIAC_CHAMBER_DEVELOPMENT,0.7053115423901942,0.5238993710691824,0.4684371807967313,0.5415094339622641
2,GO_DNA_DEPENDENT_DNA_REPLICATION_MAINTENANCE_OF_FIDELITY,0.5595505617977528,0.5572327044025157,0.5,0.5
3,GO_CIRCADIAN_RHYTHM,0.7092951991828397,0.6452830188679245,0.4487231869254341,0.49056603773584906
4,GO_PHOSPHATIDYLSERINE_ACYL_CHAIN_REMODELING,0.5411644535240041,0.5238993710691824,0.5,0.5
5,GO_SPINAL_CORD_DEVELOPMENT,0.6564862104187947,0.6144654088050314,0.46721144024514816,0.5138364779874214
6,GO_PLATELET_DERIVED_GROWTH_FACTOR_RECEPTOR_SIGNALING_PATHWAY,0.5955056179775281,0.5559748427672956,0.48314606741573035,0.5238993710691824
7,GO_CELLULAR_RESPONSE_TO_LIPOPROTEIN_PARTICLE_STIMULUS,0.5229826353421858,0.4811320754716981,0.49785495403472924,0.5333333333333333
8,GO_REGULATION_OF_NLRP3_INFLAMMASOME_COMPLEX_ASSEMBLY,0.5272727272727272,0.49056603773584906,0.4887640449438202,0.49056603773584906
9,GO_POSITIVE_REGULATION_OF_EPITHELIAL_CELL_DIFFERENTIATION,0.5903983656792646,0.539622641509434,0.4801838610827375,0.5289308176100629
10,GO_POSITIVE_REGULATION_OF_KINASE_ACTIVITY,0.6938712972420837,0.6528301886792452,0.4200204290091931,0.6314465408805031
11,GO_NEGATIVE_REGULATION_OF_TRANSCRIPTION_FACTOR_IMPORT_INTO_NUCLEUS,0.5737487231869254,0.48050314465408805,0.47538304392236974,0.5238993710691824
12,GO_POTASSIUM_ION_TRANSPORT,0.7116445352400409,0.5163522012578616,0.4612870275791624,0.42515723270440253
13,GO_REGULATION_OF_T_CELL_RECEPTOR_SIGNALING_PATHWAY,0.5839632277834524,0.539622641509434,0.4866189989785495,0.46226415094339623
14,GO_CARDIAC_MUSCLE_ADAPTATION,0.509090909090909,0.49056603773584906,0.47752808988764045,0.5238993710691824
15,GO_NEGATIVE_REGULATION_OF_EPITHELIAL_CELL_PROLIFERATION,0.6703779366700714,0.5283018867924528,0.4552604698672114,0.5037735849056604
16,GO_MOVEMENT_IN_ENVIRONMENT_OF_OTHER_ORGANISM_INVOLVED_IN_SYMBIOTIC_INTERACTION,0.5911133810010214,0.5012578616352201,0.44902962206332986,0.6226415094339622
17,GO_REGULATION_OF_PROTEIN_TARGETING_TO_MITOCHONDRION,0.6199182839632277,0.5672955974842767,0.49356486210418793,0.5383647798742138
18,GO_APICAL_PROTEIN_LOCALIZATION,0.6051072522982636,0.5125786163522013,0.5,0.5
19,GO_REGULATION_OF_ESTABLISHMENT_OF_PLANAR_POLARITY,0.6319713993871298,0.4949685534591195,0.4838610827374873,0.5490566037735849
20,GO_FOREBRAIN_NEURON_DEVELOPMENT,0.6510725229826353,0.6069182389937107,0.449438202247191,0.49559748427672956
21,GO_POSITIVE_REGULATION_OF_PROTEIN_MATURATION,0.5493360572012257,0.5477987421383648,0.4810010214504596,0.5333333333333333
22,GO_NEUROMUSCULAR_JUNCTION_DEVELOPMENT,0.5976506639427988,0.5660377358490566,0.4810010214504596,0.5465408805031446
23,GO_MITOTIC_CYTOKINESIS,0.5659856996935648,0.5679245283018868,0.4943820224719101,0.49056603773584906
24,GO_NEGATIVE_REGULATION_OF_RESPONSE_TO_ENDOPLASMIC_RETICULUM_STRESS,0.5726251276813075,0.5628930817610063,0.4887640449438202,0.5333333333333333
25,GO_SMAD_PROTEIN_SIGNAL_TRANSDUCTION,0.5968335035750766,0.5358490566037736,0.4803881511746681,0.5528301886792453
26,GO_CYTOPLASMIC_TRANSLATION,0.5307456588355465,0.49056603773584906,0.4866189989785495,0.49056603773584906
27,GO_MEIOTIC_CHROMOSOME_SEGREGATION,0.6257405515832482,0.560377358490566,0.4823289070480081,0.5144654088050314
28,GO_POSITIVE_REGULATION_OF_CALCIUM_ION_TRANSPORT,0.6568947906026558,0.529559748427673,0.46966292134831455,0.5138364779874214
29,GO_REGULATION_OF_DOUBLE_STRAND_BREAK_REPAIR,0.5884576098059244,0.5591194968553459,0.48866189989785497,0.4716981132075472
30,GO_RNA_DEPENDENT_DNA_BIOSYNTHETIC_PROCESS,0.5913176710929521,0.540251572327044,0.4810010214504596,0.4811320754716981
31,GO_REGULATION_OF_B_CELL_RECEPTOR_SIGNALING_PATHWAY,0.5457609805924413,0.5383647798742138,0.4823289070480081,0.6050314465408805
32,GO_REGULATION_OF_G_PROTEIN_COUPLED_RECEPTOR_PROTEIN_SIGNALING_PATHWAY,0.6557711950970379,0.6377358490566039,0.487538304392237,0.540251572327044
33,GO_DENDRITE_DEVELOPMENT,0.6472931562819204,0.6364779874213836,0.4786516853932584,0.649685534591195
34,GO_REGULATION_OF_RESPIRATORY_BURST,0.5529111338100101,0.5238993710691824,0.4866189989785495,0.5144654088050314
35,GO_G_PROTEIN_COUPLED_RECEPTOR_INTERNALIZATION,0.5664964249233913,0.5823899371069182,0.4866189989785495,0.49056603773584906
36,GO_MEMORY,0.6795709908069458,0.5522012578616352,0.44892747701736463,0.5276729559748428
37,GO_NEURON_DEVELOPMENT,0.673237997957099,0.6018867924528302,0.4763023493360572,0.5333333333333333
38,GO_REGULATION_OF_GOLGI_ORGANIZATION,0.54902962206333,0.4767295597484277,0.49570990806945864,0.49056603773584906
39,GO_ENDOTHELIAL_CELL_DEVELOPMENT,0.614708886618999,0.530188679245283,0.4752808988764045,0.49748427672955975
40,GO_POSITIVE_REGULATION_OF_MYOTUBE_DIFFERENTIATION,0.5565883554647599,0.5509433962264151,0.4887640449438202,0.49056603773584906
41,GO_REGULATION_OF_CELL_ACTIVATION,0.7195097037793667,0.6377358490566037,0.46159346271705826,0.4528301886792453
42,GO_MULTICELLULAR_ORGANISM_AGING,0.5779366700715014,0.6138364779874214,0.47415730337078654,0.46226415094339623
43,GO_ATP_DEPENDENT_CHROMATIN_REMODELING,0.6013278855975486,0.5559748427672956,0.4718079673135853,0.48867924528301887
44,GO_ANATOMICAL_STRUCTURE_FORMATION_INVOLVED_IN_MORPHOGENESIS,0.6915219611848825,0.5716981132075472,0.458120531154239,0.620754716981132
45,GO_ION_TRANSPORT,0.6950970377936669,0.590566037735849,0.5003064351378957,0.5446540880503145
46,GO_LIPID_MODIFICATION,0.6781409601634321,0.5647798742138365,0.4643513789581205,0.5666666666666667
47,GO_NEGATIVE_REGULATION_OF_KIDNEY_DEVELOPMENT,0.5771195097037792,0.5477987421383648,0.4823289070480081,0.5144654088050314
48,GO_REGULATION_OF_HEPATOCYTE_PROLIFERATION,0.5567926455566906,0.5666666666666667,0.4943820224719101,0.49056603773584906
49,GO_ACYLGLYCEROL_HOMEOSTASIS,0.5815117466802859,0.5522012578616352,0.47191011235955055,0.5144654088050314
50,GO_NEGATIVE_REGULATION_OF_PHOSPHOPROTEIN_PHOSPHATASE_ACTIVITY,0.6098059244126659,0.5069182389937107,0.4887640449438202,0.5333333333333333
51,GO_NEGATIVE_REGULATION_OF_PROTEIN_COMPLEX_ASSEMBLY,0.6515832482124617,0.5610062893081761,0.46976506639427984,0.4911949685534591
52,GO_HEMOGLOBIN_METABOLIC_PROCESS,0.5221654749744638,0.5144654088050314,0.49785495403472924,0.4716981132075472
53,GO_SINGLE_FERTILIZATION,0.6594484167517876,0.6025157232704402,0.45689479060265586,0.48930817610062893
54,GO_LEUKOCYTE_ACTIVATION,0.75097037793667,0.6433962264150943,0.42420837589376914,0.5094339622641509
55,GO_CHROMOSOME_ORGANIZATION,0.6657814096016343,0.5691823899371069,0.46281920326864145,0.6522012578616352
56,GO_REGULATION_OF_MITOCHONDRIAL_DEPOLARIZATION,0.5685393258426966,0.5647798742138365,0.49550561797752807,0.5245283018867924
57,GO_NEGATIVE_REGULATION_OF_MAP_KINASE_ACTIVITY,0.6194075587334015,0.6132075471698113,0.4792645556690501,0.4666666666666667
58,GO_SYNAPTIC_VESICLE_LOCALIZATION,0.6626149131767108,0.6471698113207547,0.4636363636363637,0.6031446540880503
59,GO_PHENOL_CONTAINING_COMPOUND_METABOLIC_PROCESS,0.6600612870275792,0.5232704402515723,0.4770173646578141,0.4716981132075472
60,GO_REGULATION_OF_ANTIGEN_RECEPTOR_MEDIATED_SIGNALING_PATHWAY,0.5748723186925435,0.5628930817610063,0.4786516853932584,0.5289308176100629
61,GO_ESTABLISHMENT_OF_SPINDLE_ORIENTATION,0.5744637385086824,0.48050314465408805,0.46976506639427984,0.49056603773584906
62,GO_METANEPHRIC_NEPHRON_MORPHOGENESIS,0.5636363636363636,0.4861635220125786,0.4943820224719101,0.5333333333333333
63,GO_GLYCERALDEHYDE_3_PHOSPHATE_METABOLIC_PROCESS,0.5320735444330951,0.5666666666666667,0.4844739530132789,0.5238993710691824
64,GO_RESPONSE_TO_UV_C,0.5524004085801838,0.4811320754716981,0.4943820224719101,0.49056603773584906
65,GO_CARBOHYDRATE_CATABOLIC_PROCESS,0.6608784473953013,0.5528301886792453,0.47211440245148106,0.5383647798742138
66,GO_DENTATE_GYRUS_DEVELOPMENT,0.5688457609805925,0.5578616352201258,0.47191011235955055,0.4811320754716981
67,GO_ESTABLISHMENT_OR_MAINTENANCE_OF_TRANSMEMBRANE_ELECTROCHEMICAL_GRADIENT,0.5504596527068437,0.5886792452830188,0.5,0.5
68,GO_LABYRINTHINE_LAYER_DEVELOPMENT,0.6088866189989786,0.5182389937106918,0.48120531154239016,0.5383647798742138
69,GO_N_TERMINAL_PROTEIN_AMINO_ACID_ACETYLATION,0.550561797752809,0.5238993710691824,0.4991828396322778,0.49056603773584906
70,GO_NEUROLOGICAL_SYSTEM_PROCESS,0.718079673135853,0.6238993710691824,0.5191011235955056,0.6132075471698113
71,GO_NEURONAL_STEM_CELL_DIVISION,0.5370786516853933,0.5245283018867924,0.4866189989785495,0.49056603773584906
72,GO_CERAMIDE_CATABOLIC_PROCESS,0.5399387129724208,0.5477987421383648,0.5,0.5
73,GO_EXCRETION,0.5947906026557712,0.5371069182389937,0.47109295199182843,0.5528301886792453
74,GO_DIGESTION,0.630949948927477,0.5150943396226415,0.4324821246169561,0.5955974842767295
75,GO_POSITIVE_REGULATION_OF_SYNAPTIC_TRANSMISSION_GLUTAMATERGIC,0.597752808988764,0.5333333333333333,0.4866189989785495,0.5333333333333333
76,GO_POSITIVE_REGULATION_OF_MITOTIC_NUCLEAR_DIVISION,0.5731358529111337,0.5144654088050314,0.4629213483146067,0.5716981132075472
77,GO_HINDBRAIN_DEVELOPMENT,0.6444330949948928,0.530188679245283,0.46281920326864145,0.530188679245283
78,GO_OLIGOSACCHARIDE_METABOLIC_PROCESS,0.5959141981613892,0.5075471698113208,0.4854954034729315,0.5150943396226415
79,GO_NEGATIVE_REGULATION_OF_DENDRITIC_SPINE_DEVELOPMENT,0.5357507660878448,0.5477987421383648,0.49009193054136874,0.5238993710691824
80,GO_MODULATION_OF_GROWTH_OF_SYMBIONT_INVOLVED_IN_INTERACTION_WITH_HOST,0.5582226762002044,0.5314465408805031,0.4866189989785495,0.5238993710691824
81,GO_CHROMOSOME_SEGREGATION,0.6308478038815117,0.6320754716981132,0.4433094994892747,0.5937106918238994
82,GO_NEGATIVE_REGULATION_OF_CYCLIN_DEPENDENT_PROTEIN_KINASE_ACTIVITY,0.5644535240040858,0.4962264150943396,0.5,0.5
83,GO_ETHER_METABOLIC_PROCESS,0.5272727272727272,0.5333333333333333,0.5,0.5
84,GO_HEMATOPOIETIC_PROGENITOR_CELL_DIFFERENTIATION,0.6409601634320736,0.6396226415094339,0.45280898876404496,0.5358490566037736
85,GO_CYTOKINE_METABOLIC_PROCESS,0.5745658835546477,0.5383647798742138,0.5,0.5
86,GO_ANTEROGRADE_AXONAL_TRANSPORT,0.5927477017364658,0.5861635220125786,0.4991828396322778,0.5666666666666667
87,GO_NEGATIVE_REGULATION_OF_ERK1_AND_ERK2_CASCADE,0.5377936670071501,0.5226415094339623,0.4887640449438202,0.4811320754716981
88,GO_STEROID_BIOSYNTHETIC_PROCESS,0.6441266598569969,0.5257861635220126,0.46976506639427984,0.5144654088050314
89,GO_ALDITOL_PHOSPHATE_METABOLIC_PROCESS,0.5743615934627171,0.5364779874213836,0.48314606741573035,0.5144654088050314
90,GO_SODIUM_INDEPENDENT_ORGANIC_ANION_TRANSPORT,0.5902962206332993,0.5490566037735849,0.4919305413687436,0.5176100628930818
91,GO_REGULATION_OF_PROTEIN_TYROSINE_KINASE_ACTIVITY,0.619203268641471,0.530188679245283,0.46016343207354443,0.5553459119496855
92,GO_REGULATION_OF_INTERFERON_BETA_PRODUCTION,0.5644535240040858,0.5842767295597484,0.4764044943820224,0.5811320754716981
93,GO_DNA_TEMPLATED_TRANSCRIPTION_ELONGATION,0.6338100102145046,0.5289308176100629,0.4752808988764045,0.5289308176100629
94,GO_N_GLYCAN_PROCESSING,0.5494382022471911,0.569811320754717,0.49009193054136874,0.5566037735849056
95,GO_INORGANIC_ION_IMPORT_INTO_CELL,0.561491317671093,0.5238993710691824,0.4970377936670072,0.5333333333333333
96,GO_ENDOPLASMIC_RETICULUM_TO_CYTOSOL_TRANSPORT,0.5764044943820225,0.5672955974842767,0.5,0.5
97,GO_NEGATIVE_REGULATION_OF_REPRODUCTIVE_PROCESS,0.6006128702757916,0.5509433962264151,0.4760980592441267,0.6679245283018869
98,GO_G_PROTEIN_COUPLED_PURINERGIC_RECEPTOR_SIGNALING_PATHWAY,0.5639427987742595,0.4981132075471698,0.5,0.5
99,GO_MEMBRANE_DEPOLARIZATION,0.6760980592441268,0.49559748427672956,0.4820224719101124,0.5654088050314465
100,GO_OLFACTORY_BULB_INTERNEURON_DIFFERENTIATION,0.6081716036772217,0.6169811320754717,0.4887640449438202,0.5238993710691824
101,GO_POSITIVE_REGULATION_OF_G_PROTEIN_COUPLED_RECEPTOR_PROTEIN_SIGNALING_PATHWAY,0.6108273748723188,0.6163522012578616,0.4866189989785495,0.49056603773584906
102,GO_ATTACHMENT_OF_SPINDLE_MICROTUBULES_TO_KINETOCHORE,0.5768130745658836,0.5289308176100629,0.4922369765066394,0.4811320754716981
103,GO_REGULATION_OF_LYASE_ACTIVITY,0.658120531154239,0.6427672955974842,0.46731358529111333,0.5207547169811321
104,GO_RESPONSE_TO_NITROGEN_COMPOUND,0.6889683350357507,0.6132075471698113,0.5341164453524005,0.6113207547169811
105,GO_NEGATIVE_REGULATION_OF_TRANSMEMBRANE_TRANSPORT,0.6409601634320736,0.6012578616352201,0.45720122574055155,0.6144654088050314
106,GO_REGULATION_OF_DNA_RECOMBINATION,0.584167517875383,0.4729559748427673,0.463023493360572,0.4861635220125786
107,GO_REGULATION_OF_LEUKOCYTE_PROLIFERATION,0.6781409601634321,0.6930817610062894,0.5050051072522983,0.6207547169811322
108,GO_RESPONSE_TO_ETHANOL,0.704596527068437,0.5314465408805031,0.49918283963227783,0.6559748427672956
109,GO_SULFUR_COMPOUND_METABOLIC_PROCESS,0.6899897854954035,0.6150943396226415,0.4492339121552605,0.5547169811320755
110,GO_POSITIVE_REGULATION_OF_TYROSINE_PHOSPHORYLATION_OF_STAT1_PROTEIN,0.5332992849846783,0.5559748427672956,0.4710929519918283,0.6
111,GO_REGULATION_OF_CELL_CYCLE_CHECKPOINT,0.6038815117466804,0.550314465408805,0.4943820224719101,0.49056603773584906
112,GO_NEGATIVE_REGULATION_OF_TRANSCRIPTION_REGULATORY_REGION_DNA_BINDING,0.5398365679264555,0.5238993710691824,0.49570990806945864,0.49056603773584906
113,GO_POSITIVE_REGULATION_OF_DNA_REPLICATION,0.6489274770173646,0.5308176100628931,0.4508682328907048,0.5050314465408805
114,GO_NEGATIVE_REGULATION_OF_NEURON_APOPTOTIC_PROCESS,0.6588355464759958,0.620125786163522,0.44821246169560774,0.6647798742138364
115,GO_POSITIVE_REGULATION_OF_REPRODUCTIVE_PROCESS,0.6175689479060266,0.6050314465408805,0.4940755873340143,0.6490566037735849
116,GO_POSITIVE_REGULATION_OF_METANEPHROS_DEVELOPMENT,0.5383043922369765,0.5289308176100629,0.48314606741573035,0.5333333333333333
117,GO_POSITIVE_REGULATION_OF_LYMPHOCYTE_APOPTOTIC_PROCESS,0.5853932584269662,0.5811320754716981,0.49570990806945864,0.4811320754716981
118,GO_NUCLEOTIDE_PHOSPHORYLATION,0.5933605720122574,0.5088050314465409,0.4844739530132789,0.5238993710691824
119,GO_POSITIVE_REGULATION_OF_GENE_EXPRESSION_EPIGENETIC,0.6270684371807967,0.6295597484276729,0.4699693564862104,0.5477987421383648
120,GO_GLUTAMATE_SECRETION,0.5877425944841675,0.5779874213836478,0.49356486210418793,0.5144654088050314
121,GO_REGULATION_OF_MRNA_METABOLIC_PROCESS,0.615832482124617,0.5232704402515723,0.46343207354443305,0.48930817610062893
122,GO_POSITIVE_REGULATION_OF_PROTEIN_BINDING,0.6473953013278856,0.5849056603773585,0.46976506639427984,0.5050314465408805
123,GO_REGULATION_OF_NFAT_PROTEIN_IMPORT_INTO_NUCLEUS,0.6160367722165475,0.5364779874213836,0.4887640449438202,0.49056603773584906
124,GO_REGULATION_OF_VASCULOGENESIS,0.5609805924412666,0.519496855345912,0.449438202247191,0.49559748427672956
125,GO_LENS_FIBER_CELL_DIFFERENTIATION,0.6153217568947905,0.540251572327044,0.5,0.5
126,GO_SENSORY_PERCEPTION,0.6529111338100102,0.6075471698113207,0.49530132788559744,0.6610062893081761
127,GO_HEPATICOBILIARY_SYSTEM_DEVELOPMENT,0.6734422880490296,0.6213836477987422,0.4692543411644535,0.5371069182389937
128,GO_FATTY_ACID_CATABOLIC_PROCESS,0.6029622063329928,0.650314465408805,0.4738508682328907,0.5691823899371069
129,GO_REGULATION_OF_VESICLE_FUSION,0.6371807967313585,0.5415094339622641,0.4893769152196118,0.5088050314465409
130,GO_MITOCHONDRIAL_RESPIRATORY_CHAIN_COMPLEX_I_BIOGENESIS,0.5264555669050051,0.5245283018867924,0.4866189989785495,0.4811320754716981
131,GO_REGULATION_OF_LIPID_STORAGE,0.6549540347293156,0.5930817610062893,0.4831460674157303,0.4767295597484277
132,GO_CARBOHYDRATE_TRANSPORT,0.6671092951991829,0.5283018867924528,0.43217568947906027,0.5943396226415095
133,GO_REGULATION_OF_CELLULAR_RESPONSE_TO_GROWTH_FACTOR_STIMULUS,0.6829417773237998,0.5371069182389937,0.42185903983656786,0.6194968553459119
134,GO_EMBRYONIC_HEMOPOIESIS,0.5719101123595506,0.49559748427672956,0.4710929519918283,0.5823899371069182
135,GO_EMBRYO_DEVELOPMENT_ENDING_IN_BIRTH_OR_EGG_HATCHING,0.7087844739530132,0.5886792452830188,0.45301327885597553,0.48238993710691824
136,GO_ANTIGEN_PROCESSING_AND_PRESENTATION_OF_PEPTIDE_OR_POLYSACCHARIDE_ANTIGEN_VIA_MHC_CLASS_II,0.613585291113381,0.628930817610063,0.4650663942798774,0.4528301886792453
137,GO_RESPONSE_TO_IONIZING_RADIATION,0.6583248212461695,0.44654088050314467,0.44851889683350366,0.5811320754716981
138,GO_PROTEIN_EXPORT_FROM_NUCLEUS,0.5850868232890705,0.5245283018867924,0.4922369765066394,0.4811320754716981
139,GO_EPITHELIUM_DEVELOPMENT,0.6639427987742594,0.6503144654088051,0.4488253319713994,0.6213836477987421
140,GO_POSITIVE_REGULATION_OF_SEQUESTERING_OF_CALCIUM_ION,0.5602655771195098,0.5842767295597484,0.5,0.5
141,GO_SECONDARY_METABOLITE_BIOSYNTHETIC_PROCESS,0.5444330949948927,0.5572327044025157,0.4943820224719101,0.5238993710691824
142,GO_CELL_MIGRATION_INVOLVED_IN_HEART_DEVELOPMENT,0.566394279877426,0.5509433962264151,0.5,0.5
143,GO_PROTEIN_LOCALIZATION_TO_CYTOSKELETON,0.5612870275791624,0.5716981132075472,0.4645556690500511,0.5383647798742138
144,GO_NUCLEAR_ENVELOPE_REASSEMBLY,0.5229826353421858,0.5144654088050314,0.5,0.5
145,GO_INTRINSIC_APOPTOTIC_SIGNALING_PATHWAY_IN_RESPONSE_TO_DNA_DAMAGE_BY_P53_CLASS_MEDIATOR,0.5465781409601634,0.5050314465408805,0.46976506639427984,0.4811320754716981
146,GO_REGULATION_OF_AUTOPHAGY,0.6954034729315629,0.6025157232704403,0.4370786516853933,0.5540880503144654
147,GO_PHOSPHOLIPID_METABOLIC_PROCESS,0.6758937691521961,0.6333333333333334,0.45617977528089887,0.6389937106918239
148,GO_AMMONIUM_ION_METABOLIC_PROCESS,0.6925434116445353,0.5993710691823899,0.4551583248212462,0.5515723270440251
149,GO_REGULATION_OF_INTERLEUKIN_4_PRODUCTION,0.5645556690500511,0.5270440251572327,0.47538304392236974,0.5144654088050314
150,GO_NCRNA_CATABOLIC_PROCESS,0.5502553626149131,0.5389937106918239,0.4617977528089887,0.5138364779874214
151,GO_REGULATION_OF_FAT_CELL_DIFFERENTIATION,0.5883554647599591,0.4528301886792453,0.447191011235955,0.5874213836477987
152,GO_GLUTAMINE_FAMILY_AMINO_ACID_BIOSYNTHETIC_PROCESS,0.5524004085801838,0.5666666666666667,0.4922369765066394,0.49056603773584906
153,GO_REGULATION_OF_PROTEIN_ACTIVATION_CASCADE,0.618488253319714,0.5465408805031446,0.4634320735444331,0.5471698113207547
154,GO_REGULATION_OF_TELOMERASE_RNA_LOCALIZATION_TO_CAJAL_BODY,0.5398365679264555,0.49056603773584906,0.48314606741573035,0.5238993710691824
155,GO_REGULATION_OF_RNA_STABILITY,0.6355464759959143,0.5352201257861635,0.4866189989785495,0.5245283018867924
156,GO_BUNDLE_OF_HIS_CELL_TO_PURKINJE_MYOCYTE_COMMUNICATION,0.5772216547497446,0.5339622641509434,0.4927477017364658,0.5289308176100629
157,GO_REGULATION_OF_CELL_MATURATION,0.5745658835546475,0.5471698113207547,0.5,0.5
158,GO_NEGATIVE_REGULATION_OF_CELL_DEVELOPMENT,0.6643513789581205,0.6150943396226415,0.43554647599591423,0.5327044025157233
159,GO_MAMMARY_GLAND_MORPHOGENESIS,0.6248212461695607,0.5522012578616352,0.4887640449438202,0.5333333333333333
160,GO_CELLULAR_PROTEIN_COMPLEX_DISASSEMBLY,0.5982635342185905,0.5691823899371069,0.4386108273748723,0.5622641509433962
161,GO_REGULATION_OF_CYTOKINE_PRODUCTION_INVOLVED_IN_INFLAMMATORY_RESPONSE,0.5467824310520939,0.5144654088050314,0.49775280898876406,0.5477987421383648
162,GO_URETER_DEVELOPMENT,0.5498467824310521,0.5358490566037736,0.4866189989785495,0.5333333333333333
163,GO_BODY_MORPHOGENESIS,0.5974463738508683,0.5132075471698113,0.4718079673135853,0.5591194968553459
164,GO_SOMATIC_STEM_CELL_POPULATION_MAINTENANCE,0.6006128702757916,0.5490566037735849,0.4719101123595505,0.6144654088050314
165,GO_CYTOPLASMIC_MICROTUBULE_ORGANIZATION,0.558120531154239,0.4716981132075472,0.4914198161389173,0.49056603773584906
166,GO_POSITIVE_REGULATION_OF_DNA_DAMAGE_RESPONSE_SIGNAL_TRANSDUCTION_BY_P53_CLASS_MEDIATOR,0.5424923391215526,0.5238993710691824,0.5,0.5
167,GO_PROTEIN_ACTIVATION_CASCADE,0.6345250255362614,0.5572327044025157,0.4678243105209397,0.6264150943396226
168,GO_POSITIVE_REGULATION_OF_PHOSPHOLIPASE_ACTIVITY,0.6263534218590399,0.5125786163522013,0.4645556690500511,0.6144654088050314
169,GO_NEGATIVE_REGULATION_OF_PEPTIDYL_TYROSINE_PHOSPHORYLATION,0.5522982635342186,0.5490566037735849,0.4823289070480081,0.4811320754716981
170,GO_REGULATION_OF_COLLATERAL_SPROUTING,0.5724208375893769,0.5314465408805031,0.4866189989785495,0.49056603773584906
171,GO_ESTABLISHMENT_OR_MAINTENANCE_OF_MONOPOLAR_CELL_POLARITY,0.5730337078651685,0.5893081761006289,0.49785495403472924,0.49056603773584906
172,GO_NEURON_RECOGNITION,0.578855975485189,0.6257861635220126,0.465679264555669,0.5710691823899372
173,GO_NUCLEOSIDE_DIPHOSPHATE_METABOLIC_PROCESS,0.6193054136874363,0.640251572327044,0.4646578140960163,0.5735849056603773
174,GO_MICROTUBULE_POLYMERIZATION_OR_DEPOLYMERIZATION,0.5770173646578142,0.6295597484276729,0.4991828396322778,0.49056603773584906
175,GO_RESPONSE_TO_AMMONIUM_ION,0.6675178753830437,0.6163522012578616,0.48682328907048,0.4962264150943396
176,GO_REGULATION_OF_INTERLEUKIN_5_PRODUCTION,0.604494382022472,0.540251572327044,0.48314606741573035,0.49056603773584906
177,GO_REGULATION_OF_GLUCOSE_IMPORT,0.6004085801838611,0.5559748427672956,0.48314606741573035,0.49056603773584906
178,GO_NEGATIVE_REGULATION_OF_PROTEOLYSIS,0.684167517875383,0.6440251572327044,0.437385086823289,0.670440251572327
179,GO_PINOCYTOSIS,0.5525025536261491,0.49559748427672956,0.4887640449438202,0.49056603773584906
180,GO_REGULATION_OF_EPITHELIAL_CELL_APOPTOTIC_PROCESS,0.6405515832482125,0.5050314465408805,0.47099080694586315,0.5383647798742138
181,GO_PHOSPHATIDYLETHANOLAMINE_METABOLIC_PROCESS,0.5229826353421858,0.5811320754716981,0.4879468845760981,0.49056603773584906
182,GO_PHOSPHATIDYLCHOLINE_METABOLIC_PROCESS,0.6342185903983657,0.5723270440251572,0.4732379979570991,0.5666666666666667
183,GO_LUNG_EPITHELIUM_DEVELOPMENT,0.6313585291113382,0.4918238993710692,0.5,0.5
184,GO_METENCEPHALON_DEVELOPMENT,0.6566905005107252,0.6232704402515723,0.4535240040858019,0.5842767295597484
185,GO_G_PROTEIN_COUPLED_PURINERGIC_NUCLEOTIDE_RECEPTOR_SIGNALING_PATHWAY,0.5534218590398366,0.4767295597484277,0.49785495403472924,0.49056603773584906
186,GO_ACTIN_FILAMENT_BUNDLE_ORGANIZATION,0.5864147088866191,0.5490566037735849,0.4922369765066394,0.5238993710691824
187,GO_CELLULAR_RESPONSE_TO_VIRUS,0.6240040858018386,0.5540880503144654,0.4922369765066394,0.4811320754716981
188,GO_CYTOPLASMIC_MRNA_PROCESSING_BODY_ASSEMBLY,0.5467824310520939,0.5050314465408805,0.4681307456588355,0.46226415094339623
189,GO_RESPIRATORY_GASEOUS_EXCHANGE,0.5862104187946884,0.5490566037735849,0.4764044943820224,0.5735849056603773
190,GO_NEGATIVE_REGULATION_OF_PROTEIN_MODIFICATION_BY_SMALL_PROTEIN_CONJUGATION_OR_REMOVAL,0.6305413687436159,0.49056603773584906,0.4866189989785495,0.5572327044025157
191,GO_AMINO_ACID_ACTIVATION,0.553217568947906,0.4861635220125786,0.4732379979570991,0.5238993710691824
192,GO_DENDRITIC_CELL_DIFFERENTIATION,0.587538304392237,0.540251572327044,0.47538304392236974,0.5333333333333333
193,GO_NATURAL_KILLER_CELL_DIFFERENTIATION,0.5753830439223698,0.5138364779874214,0.5,0.5
194,GO_BONE_TRABECULA_MORPHOGENESIS,0.5721144024514812,0.5622641509433962,0.49570990806945864,0.5238993710691824
195,GO_REGULATION_OF_INFLAMMATORY_RESPONSE_TO_ANTIGENIC_STIMULUS,0.5489274770173647,0.5144654088050314,0.4887640449438202,0.4811320754716981
196,GO_REGULATION_OF_PROTEASOMAL_UBIQUITIN_DEPENDENT_PROTEIN_CATABOLIC_PROCESS,0.6433094994892747,0.5622641509433962,0.5055158324821246,0.6069182389937107
197,GO_NEGATIVE_REGULATION_OF_NEURON_DIFFERENTIATION,0.6595505617977528,0.6415094339622642,0.41276813074565877,0.49056603773584906
198,GO_REGULATION_OF_SKELETAL_MUSCLE_TISSUE_DEVELOPMENT,0.6014300306435137,0.5226415094339623,0.4991828396322778,0.5666666666666667
199,GO_MUSCLE_TISSUE_DEVELOPMENT,0.7230847803881513,0.5874213836477987,0.46843718079673147,0.530188679245283
200,GO_NEGATIVE_REGULATION_OF_PROTEIN_AUTOPHOSPHORYLATION,0.5702757916241061,0.49559748427672956,0.4991828396322778,0.5572327044025157
201,GO_ACID_SECRETION,0.6882533197139938,0.6031446540880503,0.4707865168539326,0.5408805031446541
202,GO_POSITIVE_REGULATION_OF_ADAPTIVE_IMMUNE_RESPONSE,0.5724208375893769,0.49433962264150944,0.46537282941777325,0.5823899371069182
203,GO_REGULATION_OF_OSTEOCLAST_DIFFERENTIATION,0.6502553626149131,0.6352201257861636,0.478855975485189,0.5572327044025157
204,GO_REGULATION_OF_PROTEIN_BINDING,0.6561797752808989,0.5937106918238995,0.4189989785495403,0.5081761006289308
205,GO_CARDIAC_SEPTUM_DEVELOPMENT,0.6825331971399387,0.6314465408805032,0.47783452502553625,0.590566037735849
206,GO_REGULATION_OF_ICOSANOID_SECRETION,0.5439223697650664,0.5647798742138365,0.4879468845760981,0.49056603773584906
207,GO_L_ALPHA_AMINO_ACID_TRANSMEMBRANE_TRANSPORT,0.5975485188968335,0.6169811320754717,0.4948927477017364,0.5477987421383648
208,GO_REGULATION_OF_HISTONE_METHYLATION,0.6158324821246169,0.6069182389937107,0.4797752808988764,0.5144654088050314
209,GO_POSITIVE_REGULATION_OF_MITOCHONDRIAL_FISSION,0.5524004085801838,0.5572327044025157,0.48314606741573035,0.5333333333333333
210,GO_ANTIMICROBIAL_HUMORAL_RESPONSE,0.5483146067415731,0.5213836477987421,0.4710929519918283,0.5572327044025157
211,GO_EPIDERMIS_MORPHOGENESIS,0.5724208375893769,0.5572327044025157,0.4732379979570991,0.5238993710691824
212,GO_INTERMEDIATE_FILAMENT_BASED_PROCESS,0.6045965270684373,0.5333333333333333,0.4912155260469867,0.4981132075471698
213,GO_COGNITION,0.6735444330949949,0.5918238993710693,0.45372829417773236,0.5251572327044025
214,GO_RESPONSE_TO_ZINC_ION,0.6039836567926455,0.5660377358490566,0.4732379979570991,0.5238993710691824
215,GO_PURINE_DEOXYRIBONUCLEOTIDE_METABOLIC_PROCESS,0.5518896833503575,0.5238993710691824,0.49785495403472924,0.49056603773584906
216,GO_DISRUPTION_OF_CELLS_OF_OTHER_ORGANISM,0.5844739530132789,0.5238993710691824,0.49009193054136874,0.5572327044025157
217,GO_AXIS_SPECIFICATION,0.6025536261491318,0.5062893081761006,0.4400408580183861,0.540251572327044
218,GO_PHOSPHATIDYLINOSITOL_METABOLIC_PROCESS,0.6903983656792646,0.5515723270440251,0.44279877425944836,0.6792452830188679
219,GO_CELL_PART_MORPHOGENESIS,0.6806945863125639,0.5861635220125786,0.43912155260469865,0.5968553459119497
220,GO_PIGMENT_GRANULE_LOCALIZATION,0.5261491317671092,0.5528301886792453,0.4922369765066394,0.49056603773584906
221,GO_VASCULAR_ENDOTHELIAL_GROWTH_FACTOR_SIGNALING_PATHWAY,0.5992849846782431,0.5559748427672956,0.4943820224719101,0.49056603773584906
222,GO_RESPONSE_TO_ORGANOPHOSPHORUS,0.689479060265577,0.5761006289308176,0.44811031664964246,0.5333333333333334
223,GO_AXO_DENDRITIC_TRANSPORT,0.6028600612870275,0.6163522012578616,0.4991828396322778,0.5666666666666667
224,GO_SINGLE_ORGANISM_MEMBRANE_FUSION,0.6087844739530134,0.5339622641509434,0.4911133810010214,0.5364779874213836
225,GO_REGULATION_OF_PROTEIN_UBIQUITINATION_INVOLVED_IN_UBIQUITIN_DEPENDENT_PROTEIN_CATABOLIC_PROCESS,0.6283963227783452,0.5509433962264151,0.4940755873340143,0.5138364779874214
226,GO_SKELETAL_MUSCLE_TISSUE_REGENERATION,0.5933605720122574,0.5955974842767295,0.4804902962206333,0.4811320754716981
227,GO_POLYSACCHARIDE_BIOSYNTHETIC_PROCESS,0.5722165474974463,0.540251572327044,0.4914198161389173,0.5144654088050314
228,GO_REGULATION_OF_TYROSINE_PHOSPHORYLATION_OF_STAT_PROTEIN,0.6301327885597549,0.4761006289308176,0.4730337078651685,0.590566037735849
229,GO_ORGAN_REGENERATION,0.6178753830439224,0.6044025157232704,0.44136874361593464,0.5138364779874214
230,GO_GLAND_MORPHOGENESIS,0.6811031664964249,0.569811320754717,0.4665985699693565,0.530188679245283
231,GO_NEGATIVE_REGULATION_OF_ADAPTIVE_IMMUNE_RESPONSE,0.6131767109295199,0.519496855345912,0.4633299284984678,0.5622641509433962
232,GO_REGULATION_OF_SYSTEMIC_ARTERIAL_BLOOD_PRESSURE_BY_CIRCULATORY_RENIN_ANGIOTENSIN,0.576608784473953,0.5238993710691824,0.5,0.5
233,GO_RIBOSOME_BIOGENESIS,0.6441266598569968,0.5150943396226415,0.42921348314606733,0.5119496855345912
234,GO_B_CELL_HOMEOSTASIS,0.5865168539325842,0.519496855345912,0.4810010214504596,0.5144654088050314
235,GO_IRE1_MEDIATED_UNFOLDED_PROTEIN_RESPONSE,0.5680286006128703,0.5213836477987421,0.4662921348314607,0.46226415094339623
236,GO_SINGLE_ORGANISM_BEHAVIOR,0.7148110316649643,0.5364779874213836,0.48968335035750765,0.6232704402515723
237,GO_POSITIVE_REGULATION_OF_CALCIUM_ION_DEPENDENT_EXOCYTOSIS,0.5846782431052093,0.6314465408805031,0.49060265577119505,0.5716981132075472
238,GO_POSITIVE_REGULATION_OF_ENDOCYTOSIS,0.6959141981613891,0.5886792452830188,0.4764044943820224,0.5144654088050314
239,GO_MRNA_SPLICE_SITE_SELECTION,0.5251276813074566,0.5238993710691824,0.4866189989785495,0.4716981132075472
240,GO_REGULATION_OF_TRANSLATION_IN_RESPONSE_TO_STRESS,0.517364657814096,0.5333333333333333,0.480796731358529,0.5572327044025157
241,GO_NEGATIVE_REGULATION_OF_GENE_EXPRESSION,0.6993871297242084,0.6144654088050314,0.4970377936670072,0.630817610062893
242,GO_PHENOL_CONTAINING_COMPOUND_BIOSYNTHETIC_PROCESS,0.5724208375893769,0.5069182389937107,0.5,0.5
243,GO_POSITIVE_REGULATION_OF_ERYTHROCYTE_DIFFERENTIATION,0.556179775280899,0.519496855345912,0.49785495403472924,0.5238993710691824
244,GO_DENDRITIC_CELL_MIGRATION,0.5710929519918284,0.5314465408805031,0.4750766087844739,0.5490566037735849
245,GO_SENSORY_PERCEPTION_OF_TEMPERATURE_STIMULUS,0.5963227783452504,0.5540880503144654,0.49785495403472924,0.49056603773584906
246,GO_LYSOSOMAL_TRANSPORT,0.6356486210418796,0.5188679245283019,0.46567926455566905,0.5276729559748428
247,GO_CELLULAR_CATABOLIC_PROCESS,0.7257405515832482,0.5591194968553459,0.47477017364657814,0.640880503144654
248,GO_POSITIVE_REGULATION_OF_DNA_BIOSYNTHETIC_PROCESS,0.6180796731358528,0.5861635220125786,0.4844739530132789,0.4911949685534591
249,GO_POSITIVE_REGULATION_OF_MACROPHAGE_ACTIVATION,0.5834525025536261,0.5811320754716981,0.49785495403472924,0.4811320754716981
250,GO_REGULATION_OF_CALCIUM_MEDIATED_SIGNALING,0.6552604698672114,0.5792452830188679,0.4970377936670072,0.5333333333333333
251,GO_REGULATION_OF_ALPHA_BETA_T_CELL_ACTIVATION,0.6175689479060267,0.6050314465408805,0.4910112359550562,0.5811320754716981
252,GO_MUSCLE_ORGAN_DEVELOPMENT,0.7224719101123596,0.5553459119496855,0.4886618998978549,0.5314465408805031
253,GO_POSITIVE_REGULATION_OF_HEMOPOIESIS,0.6722165474974463,0.550314465408805,0.4597548518896834,0.5182389937106918
254,GO_OUTFLOW_TRACT_SEPTUM_MORPHOGENESIS,0.5553626149131768,0.5150943396226415,0.49785495403472924,0.49056603773584906
255,GO_REGULATION_OF_MAMMARY_GLAND_EPITHELIAL_CELL_PROLIFERATION,0.5651685393258428,0.5050314465408805,0.5,0.5
256,GO_REGULATION_OF_PHOSPHATIDYLINOSITOL_3_KINASE_ACTIVITY,0.6734422880490296,0.659748427672956,0.4866189989785495,0.5333333333333333
257,GO_CELLULAR_RESPONSE_TO_EPIDERMAL_GROWTH_FACTOR_STIMULUS,0.545965270684372,0.5490566037735849,0.5,0.5
258,GO_LEUKOCYTE_DEGRANULATION,0.5498467824310521,0.5861635220125786,0.4823289070480081,0.5238993710691824
259,GO_MYELOID_CELL_HOMEOSTASIS,0.6404494382022471,0.5138364779874214,0.449438202247191,0.6238993710691824
260,GO_REGULATION_OF_BLOOD_PRESSURE,0.6544433094994893,0.5383647798742138,0.44974463738508674,0.6672955974842767
261,GO_REGULATION_OF_MORPHOGENESIS_OF_A_BRANCHING_STRUCTURE,0.5779366700715015,0.5572327044025157,0.47027579162410627,0.4981132075471698
262,GO_RESPONSE_TO_ELECTRICAL_STIMULUS,0.5744637385086823,0.5433962264150943,0.47568947906026554,0.5125786163522013
263,GO_NEGATIVE_REGULATION_OF_TELOMERE_MAINTENANCE_VIA_TELOMERASE,0.5355464759959141,0.5050314465408805,0.4887640449438202,0.5666666666666667
264,GO_REGULATION_OF_T_CELL_CHEMOTAXIS,0.5489274770173647,0.5238993710691824,0.5,0.5
265,GO_REGULATION_OF_ESTABLISHMENT_OF_PLANAR_POLARITY_INVOLVED_IN_NEURAL_TUBE_CLOSURE,0.5928498467824311,0.530188679245283,0.4752808988764045,0.5238993710691824
266,GO_REGULATION_OF_CYTOKINE_PRODUCTION,0.7228804902962207,0.5666666666666667,0.4464759959141982,0.5106918238993711
267,GO_REGULATION_OF_ERBB_SIGNALING_PATHWAY,0.6103166496424924,0.5955974842767295,0.44831460674157303,0.5308176100628931
268,GO_REGULATION_OF_CHOLESTEROL_HOMEOSTASIS,0.5251276813074566,0.4811320754716981,0.47191011235955055,0.5144654088050314
269,GO_VENTRICULAR_SEPTUM_MORPHOGENESIS,0.5951991828396322,0.5811320754716981,0.4938712972420838,0.5182389937106918
270,GO_POSITIVE_REGULATION_OF_ENDOTHELIAL_CELL_CHEMOTAXIS,0.5812053115423901,0.519496855345912,0.5,0.5
271,GO_POSITIVE_REGULATION_OF_ENDOTHELIAL_CELL_DIFFERENTIATION,0.5707865168539327,0.5735849056603773,0.4943820224719101,0.5333333333333333
272,GO_NEGATIVE_REGULATION_OF_SMOOTH_MUSCLE_CELL_PROLIFERATION,0.6019407558733402,0.60062893081761,0.4810010214504596,0.4811320754716981
273,GO_TOLERANCE_INDUCTION,0.5104187946884576,0.5238993710691824,0.4922369765066394,0.5144654088050314
274,GO_CHEMICAL_HOMEOSTASIS,0.6928498467824311,0.6547169811320754,0.4672114402451481,0.5729559748427673
275,GO_SYNAPSE_ORGANIZATION,0.672829417773238,0.6654088050314466,0.48212461695607767,0.5842767295597484
276,GO_METANEPHROS_DEVELOPMENT,0.638100102145046,0.49056603773584906,0.4620020429009193,0.5811320754716981
277,GO_REGULATION_OF_MICROTUBULE_BASED_PROCESS,0.675485188968335,0.5207547169811321,0.4360572012257406,0.5283018867924528
278,GO_NEGATIVE_REGULATION_OF_TRANSPORTER_ACTIVITY,0.604902962206333,0.5540880503144654,0.4665985699693565,0.5050314465408805
279,GO_ENDOSOME_ORGANIZATION,0.5730337078651685,0.5132075471698113,0.48866189989785497,0.6
280,GO_REGULATION_OF_WOUND_HEALING,0.7137895812053114,0.5962264150943396,0.46853932584269664,0.5955974842767295
281,GO_REGULATION_OF_MAPK_CASCADE,0.6876404494382022,0.6408805031446541,0.46721144024514805,0.5924528301886793
282,GO_DEVELOPMENTAL_PROGRAMMED_CELL_DEATH,0.5648621041879469,0.5647798742138365,0.4767109295199182,0.5572327044025157
283,GO_POSITIVE_REGULATION_OF_SKELETAL_MUSCLE_TISSUE_DEVELOPMENT,0.6023493360572012,0.5226415094339623,0.4922369765066394,0.5238993710691824
284,GO_MYELOID_LEUKOCYTE_MIGRATION,0.6303370786516854,0.5238993710691824,0.47323799795709903,0.6314465408805031
285,GO_COLLAGEN_FIBRIL_ORGANIZATION,0.6724208375893768,0.5691823899371069,0.4713993871297242,0.49559748427672956
286,GO_POSITIVE_REGULATION_OF_NEURON_DEATH,0.6551583248212463,0.5761006289308176,0.47875383043922365,0.6339622641509434
287,GO_RESPONSE_TO_ESTRADIOL,0.6495403472931562,0.5578616352201258,0.46292134831460674,0.5786163522012578
288,GO_CORONARY_VASCULATURE_DEVELOPMENT,0.6138917262512769,0.5591194968553459,0.4866189989785495,0.4811320754716981
289,GO_CARTILAGE_DEVELOPMENT,0.7229826353421859,0.6421383647798743,0.4664964249233912,0.5421383647798742
290,GO_REGULATION_OF_TUMOR_NECROSIS_FACTOR_SUPERFAMILY_CYTOKINE_PRODUCTION,0.6702757916241062,0.5880503144654088,0.45720122574055155,0.5672955974842767
291,GO_NEURON_PROJECTION_EXTENSION,0.6286006128702758,0.549685534591195,0.4732379979570991,0.4811320754716981
292,GO_REGULATION_OF_CARDIAC_MUSCLE_TISSUE_DEVELOPMENT,0.6429009193054137,0.5710691823899371,0.49295199182839633,0.529559748427673
293,GO_NEGATIVE_REGULATION_OF_CYCLIC_NUCLEOTIDE_METABOLIC_PROCESS,0.6021450459652707,0.5647798742138365,0.4866189989785495,0.49056603773584906
294,GO_PYRIMIDINE_NUCLEOTIDE_BIOSYNTHETIC_PROCESS,0.5831460674157304,0.5572327044025157,0.48314606741573035,0.5333333333333333
295,GO_RESPONSE_TO_MUSCLE_STRETCH,0.6253319713993872,0.5534591194968553,0.5,0.5
296,GO_NEGATIVE_REGULATION_OF_OLIGODENDROCYTE_DIFFERENTIATION,0.5537282941777323,0.5238993710691824,0.4866189989785495,0.49056603773584906
297,GO_REGULATION_OF_PHOSPHATIDYLINOSITOL_3_KINASE_SIGNALING,0.6707865168539326,0.48930817610062893,0.44463738508682327,0.550314465408805
298,GO_RESPONSE_TO_COLD,0.5822267620020428,0.5823899371069182,0.4615934627170582,0.5490566037735849
299,GO_NEGATIVE_REGULATION_OF_SODIUM_ION_TRANSPORT,0.5545454545454546,0.5050314465408805,0.4866189989785495,0.49056603773584906
300,GO_CELLULAR_RESPONSE_TO_INTERLEUKIN_1,0.6320735444330949,0.5339622641509434,0.46414708886618994,0.5069182389937107
301,GO_CIRCULATORY_SYSTEM_PROCESS,0.6953013278855975,0.6245283018867924,0.4174668028600612,0.6559748427672956
302,GO_REGULATION_OF_VASODILATION,0.6171603677221654,0.5616352201257861,0.4887640449438202,0.5333333333333333
303,GO_REGULATION_OF_TRIGLYCERIDE_METABOLIC_PROCESS,0.5897854954034729,0.5371069182389937,0.48365679264555667,0.5572327044025157
304,GO_NEGATIVE_REGULATION_OF_GLYCOPROTEIN_BIOSYNTHETIC_PROCESS,0.5515832482124617,0.5144654088050314,0.4887640449438202,0.4811320754716981
305,GO_RESPONSE_TO_COCAINE,0.6493360572012258,0.549685534591195,0.47906026557711956,0.5176100628930818
306,GO_CELL_CHEMOTAXIS,0.7126659856996935,0.5427672955974843,0.44290091930541375,0.5333333333333333
307,GO_NEGATIVE_REGULATION_OF_INTRINSIC_APOPTOTIC_SIGNALING_PATHWAY_BY_P53_CLASS_MEDIATOR,0.5636363636363636,0.5572327044025157,0.4844739530132789,0.5238993710691824
308,GO_RIBONUCLEOTIDE_CATABOLIC_PROCESS,0.5990806945863125,0.5138364779874214,0.48314606741573035,0.5238993710691824
309,GO_POSITIVE_REGULATION_OF_MITOTIC_SISTER_CHROMATID_SEPARATION,0.5232890704800817,0.5477987421383648,0.4922369765066394,0.4811320754716981
310,GO_DNA_TEMPLATED_TRANSCRIPTION_TERMINATION,0.6071501532175689,0.5314465408805031,0.4922369765066394,0.4716981132075472
311,GO_NEGATIVE_REGULATION_OF_INTERLEUKIN_1_PRODUCTION,0.5776302349336055,0.49559748427672956,0.49785495403472924,0.49056603773584906
312,GO_POSITIVE_REGULATION_OF_CATION_CHANNEL_ACTIVITY,0.5755873340143003,0.6106918238993712,0.48406537282941775,0.569811320754717
313,GO_REGULATION_OF_PROSTAGLANDIN_SECRETION,0.5195097037793667,0.5333333333333333,0.4943820224719101,0.49056603773584906
314,GO_REGULATION_OF_PODOSOME_ASSEMBLY,0.5537282941777323,0.5666666666666667,0.4961184882533197,0.46226415094339623
315,GO_REGULATION_OF_CELLULAR_SENESCENCE,0.5672114402451482,0.5955974842767295,0.4844739530132789,0.5238993710691824
316,GO_CARDIAC_LEFT_VENTRICLE_MORPHOGENESIS,0.5542390194075587,0.5144654088050314,0.5,0.5
317,GO_NEGATIVE_REGULATION_OF_STRIATED_MUSCLE_CELL_DIFFERENTIATION,0.5550561797752809,0.5679245283018868,0.4850868232890705,0.5572327044025157
318,GO_RESPONSE_TO_AMINE,0.6056179775280899,0.540251572327044,0.4771195097037793,0.540251572327044
319,GO_REGULATION_OF_ORGANIC_ACID_TRANSPORT,0.60755873340143,0.5647798742138365,0.48876404494382014,0.5238993710691824
320,GO_REGULATION_OF_DNA_DEPENDENT_DNA_REPLICATION,0.6112359550561798,0.5823899371069182,0.48764044943820223,0.49559748427672956
321,GO_NEGATIVE_REGULATION_OF_POTASSIUM_ION_TRANSMEMBRANE_TRANSPORTER_ACTIVITY,0.5528089887640449,0.5578616352201258,0.4922369765066394,0.4811320754716981
322,GO_PROTEIN_HOMOTETRAMERIZATION,0.6395301327885599,0.5515723270440251,0.49622063329928495,0.5666666666666667
323,GO_IMMUNE_SYSTEM_PROCESS,0.6823289070480081,0.6113207547169812,0.5135852911133809,0.5867924528301887
324,GO_HEART_TRABECULA_MORPHOGENESIS,0.5514811031664965,0.5955974842767295,0.48498467824310526,0.4767295597484277
325,GO_RESPIRATORY_CHAIN_COMPLEX_IV_ASSEMBLY,0.5195097037793667,0.49056603773584906,0.49785495403472924,0.49056603773584906
326,GO_VESICLE_LOCALIZATION,0.6821246169560776,0.6238993710691824,0.4373850868232891,0.5534591194968553
327,GO_NITRIC_OXIDE_METABOLIC_PROCESS,0.5817160367722165,0.5716981132075472,0.47191011235955055,0.5144654088050314
328,GO_POSITIVE_REGULATION_OF_LEUKOCYTE_APOPTOTIC_PROCESS,0.5458631256384064,0.5528301886792453,0.449438202247191,0.49559748427672956
329,GO_POSITIVE_REGULATION_OF_CELL_FATE_COMMITMENT,0.5272727272727272,0.5238993710691824,0.49356486210418793,0.5333333333333333
330,GO_FOREBRAIN_MORPHOGENESIS,0.568641470888662,0.5559748427672956,0.5,0.5
331,GO_TELOMERE_CAPPING,0.5251276813074566,0.4811320754716981,0.4887640449438202,0.49056603773584906
332,GO_PROSTATE_GLAND_MORPHOGENESIS,0.5734422880490296,0.5628930817610063,0.4941777323799796,0.5050314465408805
333,GO_NEGATIVE_REGULATION_OF_AXON_EXTENSION,0.6295199182839633,0.530188679245283,0.4943820224719101,0.5333333333333333
334,GO_POSITIVE_REGULATION_OF_TYPE_I_INTERFERON_PRODUCTION,0.6766087844739531,0.5345911949685535,0.4730337078651685,0.5050314465408805
335,GO_REGULATION_OF_STRESS_ACTIVATED_PROTEIN_KINASE_SIGNALING_CASCADE,0.6535240040858018,0.5490566037735849,0.4129724208375894,0.5056603773584906
336,GO_MYELOID_CELL_DEVELOPMENT,0.6014300306435137,0.5276729559748428,0.44157303370786516,0.5314465408805031
337,GO_NEGATIVE_REGULATION_OF_KINASE_ACTIVITY,0.6602655771195097,0.5553459119496855,0.4595505617977528,0.650314465408805
338,GO_REGULATION_OF_MITOCHONDRIAL_MEMBRANE_PERMEABILITY_INVOLVED_IN_APOPTOTIC_PROCESS,0.5034729315628191,0.5333333333333333,0.4943820224719101,0.49056603773584906
339,GO_INTRACELLULAR_PROTEIN_TRANSPORT,0.7188968335035751,0.6446540880503144,0.44412665985699695,0.6006289308176102
340,GO_REGULATION_OF_HISTONE_DEACETYLATION,0.5772216547497446,0.4767295597484277,0.4823289070480081,0.5666666666666667
341,GO_REGULATION_OF_PHOSPHATASE_ACTIVITY,0.6582226762002044,0.4647798742138365,0.4519918283963228,0.5930817610062893
342,GO_NEUROTRANSMITTER_UPTAKE,0.5991828396322778,0.530188679245283,0.49785495403472924,0.49056603773584906
343,GO_MICROTUBULE_ANCHORING,0.551685393258427,0.48930817610062893,0.5,0.5
344,GO_CELL_DIVISION,0.6797752808988765,0.6421383647798742,0.4596527068437181,0.5465408805031446
345,GO_REGULATION_OF_MRNA_CATABOLIC_PROCESS,0.5307456588355465,0.5238993710691824,0.4991828396322778,0.5238993710691824
346,GO_INTERMEDIATE_FILAMENT_ORGANIZATION,0.6088866189989786,0.5364779874213836,0.4991828396322778,0.5238993710691824
347,GO_REGULATION_OF_INTERLEUKIN_10_PRODUCTION,0.5927477017364657,0.6251572327044025,0.48682328907048006,0.5050314465408805
348,GO_SODIUM_ION_EXPORT,0.590194075587334,0.5345911949685535,0.5,0.5
349,GO_NEGATIVE_REGULATION_OF_CELL_DIVISION,0.6172625127681308,0.5238993710691824,0.4617977528089887,0.5477987421383648
350,GO_CELLULAR_RESPONSE_TO_UV,0.6192032686414709,0.5911949685534591,0.4692543411644535,0.5245283018867924
351,GO_REGULATION_OF_NUCLEAR_DIVISION,0.6677221654749744,0.5257861635220126,0.46659856996935645,0.5389937106918239
352,GO_RESPONSE_TO_ACID_CHEMICAL,0.6762002042900919,0.549685534591195,0.4291113381001021,0.5679245283018868
353,GO_RESPONSE_TO_PROSTAGLANDIN_E,0.5692543411644536,0.5465408805031446,0.4887640449438202,0.4811320754716981
354,GO_NEGATIVE_REGULATION_OF_RESPONSE_TO_REACTIVE_OXYGEN_SPECIES,0.5894790602655772,0.5283018867924528,0.5,0.5
355,GO_POSITIVE_REGULATION_OF_EPITHELIAL_TO_MESENCHYMAL_TRANSITION,0.606435137895812,0.640251572327044,0.46976506639427984,0.5238993710691824
356,GO_RESPONSE_TO_STEROID_HORMONE,0.6539325842696628,0.550314465408805,0.4154239019407558,0.5515723270440251
357,GO_POSITIVE_REGULATION_OF_RNA_SPLICING,0.5433094994892748,0.5572327044025157,0.4866189989785495,0.49056603773584906
358,GO_RESPONSE_TO_IMMOBILIZATION_STRESS,0.5784473953013279,0.5289308176100629,0.4887640449438202,0.5333333333333333
359,GO_RESPONSE_TO_INTERLEUKIN_4,0.5784473953013279,0.5276729559748428,0.4902962206332992,0.5572327044025157
360,GO_POSITIVE_REGULATION_OF_KERATINOCYTE_DIFFERENTIATION,0.5286006128702757,0.5289308176100629,0.47752808988764045,0.4811320754716981
361,GO_CARDIAC_CHAMBER_MORPHOGENESIS,0.6625127681307457,0.5169811320754717,0.48804902962206337,0.46729559748427674
362,GO_REGULATION_OF_CARTILAGE_DEVELOPMENT,0.6636363636363636,0.5716981132075472,0.4727272727272727,0.550314465408805
363,GO_POSITIVE_REGULATION_OF_INTERLEUKIN_8_PRODUCTION,0.5982635342185905,0.5459119496855346,0.4422880490296221,0.6823899371069182
364,GO_SEROTONIN_METABOLIC_PROCESS,0.6076608784473954,0.5471698113207547,0.5,0.5
365,GO_REGULATION_OF_DEFENSE_RESPONSE_TO_VIRUS,0.6654749744637385,0.4867924528301887,0.45444330949948925,0.5635220125786163
366,GO_RESPONSE_TO_PEPTIDE,0.6643513789581206,0.5534591194968554,0.45760980592441264,0.5547169811320755
367,GO_REGULATION_OF_ENDOTHELIAL_CELL_APOPTOTIC_PROCESS,0.6401430030643513,0.479874213836478,0.4970377936670072,0.5666666666666667
368,GO_DNA_DEPENDENT_DNA_REPLICATION,0.6420837589376915,0.5754716981132075,0.43186925434116447,0.5314465408805031
369,GO_REGULATION_OF_SKELETAL_MUSCLE_CELL_DIFFERENTIATION,0.5594484167517876,0.5339622641509434,0.5,0.5
370,GO_POSITIVE_REGULATION_OF_CELLULAR_PROTEIN_CATABOLIC_PROCESS,0.6236976506639429,0.5339622641509434,0.4759959141981614,0.5477987421383648
371,GO_STEROL_HOMEOSTASIS,0.6227783452502554,0.5327044025157233,0.48457609805924406,0.6163522012578616
372,GO_EMBRYONIC_AXIS_SPECIFICATION,0.5880490296220633,0.5490566037735849,0.46853932584269664,0.5811320754716981
373,GO_REGULATION_OF_LEUKOCYTE_APOPTOTIC_PROCESS,0.6485188968335036,0.4937106918238994,0.44596527068437175,0.5138364779874214
374,GO_POSITIVE_REGULATION_OF_INTERLEUKIN_1_BETA_PRODUCTION,0.6147088866189989,0.46226415094339623,0.4922369765066394,0.5333333333333333
375,GO_CELLULAR_RESPONSE_TO_LIPID,0.6675178753830439,0.6930817610062893,0.4605720122574055,0.5874213836477988
376,GO_SECRETION_BY_CELL,0.6828396322778345,0.5861635220125786,0.4553626149131767,0.5484276729559748
377,GO_LIPOPROTEIN_METABOLIC_PROCESS,0.6524004085801838,0.5761006289308176,0.45842696629213486,0.5125786163522013
378,GO_DISRUPTION_OF_CELLS_OF_OTHER_ORGANISM_INVOLVED_IN_SYMBIOTIC_INTERACTION,0.587946884576098,0.5157232704402516,0.4922369765066394,0.5333333333333333
379,GO_IRON_COORDINATION_ENTITY_TRANSPORT,0.5370786516853933,0.5716981132075472,0.5,0.5
380,GO_PHOSPHATIDYLCHOLINE_BIOSYNTHETIC_PROCESS,0.597752808988764,0.590566037735849,0.4844739530132789,0.5666666666666667
381,GO_KERATAN_SULFATE_METABOLIC_PROCESS,0.5906026557711951,0.5691823899371069,0.4764044943820224,0.5477987421383648
382,GO_REGULATION_OF_COAGULATION,0.6579162410623085,0.4911949685534591,0.4692543411644535,0.48930817610062893
383,GO_MEMBRANE_BIOGENESIS,0.5680286006128703,0.5786163522012578,0.4796731358529111,0.6025157232704402
384,GO_REGULATION_OF_EPIDERMIS_DEVELOPMENT,0.6034729315628192,0.5647798742138365,0.45127681307456585,0.49056603773584906
385,GO_FORMATION_OF_PRIMARY_GERM_LAYER,0.6545454545454545,0.5371069182389937,0.4817160367722166,0.510062893081761
386,GO_NEGATIVE_REGULATION_OF_MUSCLE_CELL_DIFFERENTIATION,0.5833503575076608,0.5452830188679245,0.4718079673135853,0.5245283018867924
387,GO_ENERGY_RESERVE_METABOLIC_PROCESS,0.6301327885597549,0.5113207547169811,0.48253319713993864,0.5716981132075472
388,GO_GLYCOLIPID_BIOSYNTHETIC_PROCESS,0.6263534218590397,0.6113207547169811,0.4867211440245148,0.5245283018867924
389,GO_REGULATION_OF_ACTIN_NUCLEATION,0.5802860061287027,0.5050314465408805,0.4887640449438202,0.49056603773584906
390,GO_REGULATION_OF_DENDRITIC_CELL_DIFFERENTIATION,0.541164453524004,0.5477987421383648,0.4970377936670072,0.5238993710691824
391,GO_EPITHELIAL_CELL_DEVELOPMENT,0.693564862104188,0.6050314465408805,0.46036772216547495,0.49937106918238994
392,GO_AMIDE_TRANSPORT,0.6207354443309498,0.5830188679245283,0.452093973442288,0.5566037735849056
393,GO_REGULATION_OF_INTERFERON_GAMMA_PRODUCTION,0.621552604698672,0.550314465408805,0.418488253319714,0.5849056603773585
394,GO_NEGATIVE_REGULATION_OF_LIPID_METABOLIC_PROCESS,0.6651685393258427,0.6553459119496856,0.48130745658835544,0.6157232704402515
395,GO_PROTEIN_LOCALIZATION_TO_KINETOCHORE,0.5367722165474975,0.5572327044025157,0.4866189989785495,0.49056603773584906
396,GO_NEGATIVE_REGULATION_OF_FAT_CELL_DIFFERENTIATION,0.5752808988764043,0.519496855345912,0.4887640449438202,0.5238993710691824
397,GO_PHOTOPERIODISM,0.5631256384065372,0.5433962264150943,0.4948927477017364,0.5238993710691824
398,GO_ALPHA_AMINO_ACID_BIOSYNTHETIC_PROCESS,0.6400408580183862,0.529559748427673,0.460776302349336,0.5314465408805031
399,GO_MESENCHYMAL_TO_EPITHELIAL_TRANSITION,0.5325842696629214,0.4811320754716981,0.4887640449438202,0.5333333333333333
400,GO_ESTABLISHMENT_OF_ENDOTHELIAL_INTESTINAL_BARRIER,0.5407558733401431,0.5622641509433962,0.46741573033707867,0.4861635220125786
401,GO_SALIVARY_GLAND_DEVELOPMENT,0.5971399387129724,0.5289308176100629,0.4943820224719101,0.5333333333333333
402,GO_CELL_CYCLE_DNA_REPLICATION,0.5251276813074566,0.5666666666666667,0.5,0.5
403,GO_NEGATIVE_REGULATION_OF_TRANSCRIPTION_ELONGATION_FROM_RNA_POLYMERASE_II_PROMOTER,0.5272727272727272,0.4811320754716981,0.4914198161389173,0.49056603773584906
404,GO_CHROMOSOME_CONDENSATION,0.5971399387129724,0.5962264150943396,0.49785495403472924,0.5333333333333333
405,GO_POSITIVE_REGULATION_OF_RESPONSE_TO_STIMULUS,0.6580183861082738,0.6691823899371069,0.5181818181818182,0.5930817610062893
406,GO_REGULATION_OF_MONOOXYGENASE_ACTIVITY,0.6261491317671093,0.5157232704402516,0.49009193054136874,0.4811320754716981
407,GO_SENSORY_PERCEPTION_OF_MECHANICAL_STIMULUS,0.6810010214504596,0.6672955974842767,0.47436159346271706,0.5276729559748428
408,GO_ESTABLISHMENT_OF_EPITHELIAL_CELL_POLARITY,0.5927477017364657,0.5371069182389937,0.49785495403472924,0.5333333333333333
409,GO_TOLL_LIKE_RECEPTOR_9_SIGNALING_PATHWAY,0.5342185903983656,0.5666666666666667,0.4867211440245148,0.5911949685534591
410,GO_EMBRYONIC_DIGIT_MORPHOGENESIS,0.6359550561797752,0.6408805031446541,0.4461695607763023,0.5962264150943396
411,GO_REGULATION_OF_CANONICAL_WNT_SIGNALING_PATHWAY,0.6360572012257404,0.5452830188679245,0.4283963227783452,0.5792452830188679
412,GO_NITROGEN_CYCLE_METABOLIC_PROCESS,0.5846782431052093,0.4949685534591195,0.4943820224719101,0.49056603773584906
413,GO_T_CELL_ACTIVATION_INVOLVED_IN_IMMUNE_RESPONSE,0.6214504596527068,0.5308176100628931,0.4730337078651685,0.4811320754716981
414,GO_NEGATIVE_REGULATION_OF_LEUKOCYTE_PROLIFERATION,0.6549540347293157,0.6849056603773586,0.49356486210418793,0.5578616352201258
415,GO_NECROPTOTIC_PROCESS,0.537691521961185,0.5383647798742138,0.478855975485189,0.5572327044025157
416,GO_NEGATIVE_REGULATION_OF_GLIOGENESIS,0.5665985699693564,0.5383647798742138,0.4752808988764045,0.4811320754716981
417,GO_DENDRITIC_CELL_CHEMOTAXIS,0.5649642492339122,0.49056603773584906,0.4914198161389173,0.5144654088050314
418,GO_REGULATION_OF_ANTIGEN_PROCESSING_AND_PRESENTATION_OF_PEPTIDE_ANTIGEN,0.5606741573033708,0.5289308176100629,0.5,0.5
419,GO_REGULATION_OF_NEURONAL_SYNAPTIC_PLASTICITY,0.6281920326864148,0.5672955974842767,0.47814096016343205,0.5647798742138365
420,GO_REGULATION_OF_PHOSPHOLIPASE_C_ACTIVITY,0.6178753830439224,0.5591194968553459,0.4746680286006129,0.5811320754716981
421,GO_REGULATION_OF_DEVELOPMENTAL_GROWTH,0.7185903983656793,0.5553459119496855,0.48335035750766087,0.5981132075471698
422,GO_MEMBRANE_DISASSEMBLY,0.5891726251276813,0.4716981132075472,0.48314606741573035,0.4811320754716981
423,GO_REGULATION_OF_SYNAPTIC_TRANSMISSION_GLUTAMATERGIC,0.6414708886618999,0.6182389937106918,0.47191011235955055,0.5238993710691824
424,GO_ACTIVATION_OF_PHOSPHOLIPASE_C_ACTIVITY,0.5986721144024515,0.5207547169811321,0.47191011235955055,0.5238993710691824
425,GO_NEGATIVE_REGULATION_OF_BIOMINERAL_TISSUE_DEVELOPMENT,0.5900919305413688,0.5144654088050314,0.4895812053115424,0.44339622641509435
426,GO_NEGATIVE_REGULATION_OF_BONE_RESORPTION,0.5130745658835546,0.5383647798742138,0.5,0.5
427,GO_CELLULAR_RESPONSE_TO_EXTERNAL_STIMULUS,0.6688457609805925,0.5477987421383648,0.4252298263534219,0.47547169811320755
428,GO_NADP_METABOLIC_PROCESS,0.5360572012257405,0.4981132075471698,0.4966292134831461,0.5144654088050314
429,GO_POSITIVE_REGULATION_OF_MRNA_PROCESSING,0.5473953013278856,0.5490566037735849,0.4665985699693565,0.5050314465408805
430,GO_EPITHELIAL_TUBE_BRANCHING_INVOLVED_IN_LUNG_MORPHOGENESIS,0.579673135852911,0.5289308176100629,0.49223697650663945,0.5490566037735849
431,GO_DETECTION_OF_MECHANICAL_STIMULUS_INVOLVED_IN_SENSORY_PERCEPTION,0.6043922369765067,0.5264150943396226,0.47191011235955055,0.5238993710691824
432,GO_REGULATION_OF_CELL_CELL_ADHESION_MEDIATED_BY_CADHERIN,0.5620020429009193,0.5477987421383648,0.4943820224719101,0.49056603773584906
433,GO_METANEPHRIC_EPITHELIUM_DEVELOPMENT,0.5610827374872319,0.5811320754716981,0.5,0.5
434,GO_REGULATION_OF_SMOOTH_MUSCLE_CELL_DIFFERENTIATION,0.5557711950970378,0.5339622641509434,0.47803881511746676,0.6
435,GO_FATTY_ACID_BETA_OXIDATION,0.5537282941777323,0.5144654088050314,0.4732379979570991,0.5383647798742138
436,GO_ACTIN_FILAMENT_BASED_PROCESS,0.6357507660878448,0.5540880503144654,0.5265577119509703,0.5157232704402516
437,GO_RESPONSE_TO_FLUID_SHEAR_STRESS,0.6111338100102146,0.48930817610062893,0.4684371807967313,0.5150943396226415
438,GO_NEGATIVE_REGULATION_OF_MUSCLE_CONTRACTION,0.5734422880490297,0.6314465408805031,0.5,0.5
439,GO_TRANSITION_METAL_ION_TRANSPORT,0.5945863125638406,0.610691823899371,0.43278855975485186,0.4628930817610063
440,GO_POSITIVE_REGULATION_OF_MUSCLE_CELL_DIFFERENTIATION,0.6746680286006128,0.5792452830188679,0.47415730337078654,0.5716981132075472
441,GO_REGULATION_OF_ADAPTIVE_IMMUNE_RESPONSE,0.6244126659856998,0.550314465408805,0.4830439223697651,0.5383647798742138
442,GO_PHOSPHATIDYLINOSITOL_BIOSYNTHETIC_PROCESS,0.673953013278856,0.570440251572327,0.49662921348314604,0.5314465408805031
443,GO_POSITIVE_REGULATION_OF_CELL_COMMUNICATION,0.662614913176711,0.5849056603773586,0.4336057201225741,0.6176100628930818
444,GO_POSITIVE_REGULATION_OF_LIPID_KINASE_ACTIVITY,0.6132788559754851,0.5553459119496855,0.5,0.5
445,GO_RESPONSE_TO_CORTICOSTEROID,0.6382022471910113,0.6031446540880503,0.452093973442288,0.549685534591195
446,GO_POSITIVE_REGULATION_OF_LEUKOCYTE_DEGRANULATION,0.541164453524004,0.5333333333333333,0.4922369765066394,0.49056603773584906
447,GO_SODIUM_ION_TRANSMEMBRANE_TRANSPORT,0.7056179775280899,0.5283018867924528,0.48018386108273753,0.5037735849056604
448,GO_PROTEIN_UBIQUITINATION_INVOLVED_IN_UBIQUITIN_DEPENDENT_PROTEIN_CATABOLIC_PROCESS,0.6576098059244126,0.5251572327044025,0.48028600612870276,0.5547169811320755
449,GO_NEGATIVE_REGULATION_OF_BLOOD_VESSEL_ENDOTHELIAL_CELL_MIGRATION,0.6174668028600613,0.48930817610062893,0.4810010214504596,0.5144654088050314
450,GO_CELL_PROJECTION_ASSEMBLY,0.6408580183861083,0.5616352201257861,0.39703779366700703,0.5540880503144654
451,GO_REGULATION_OF_PROTEIN_IMPORT_INTO_NUCLEUS_TRANSLOCATION,0.5677221654749744,0.5220125786163522,0.49785495403472924,0.49056603773584906
452,GO_GLUCOCORTICOID_METABOLIC_PROCESS,0.545250255362615,0.540251572327044,0.5,0.5
453,GO_PROTEIN_MATURATION,0.6323799795709909,0.6408805031446541,0.449438202247191,0.590566037735849
454,GO_SKELETAL_MUSCLE_ADAPTATION,0.5669050051072524,0.6,0.4887640449438202,0.49056603773584906
455,GO_PROTEIN_N_LINKED_GLYCOSYLATION,0.6544433094994893,0.5081761006289308,0.4991828396322778,0.590566037735849
456,GO_ANAPHASE_PROMOTING_COMPLEX_DEPENDENT_CATABOLIC_PROCESS,0.5727272727272726,0.45031446540880504,0.460776302349336,0.5477987421383648
457,GO_HINDLIMB_MORPHOGENESIS,0.5790602655771195,0.5716981132075472,0.49438202247191015,0.46729559748427674
458,GO_ESTABLISHMENT_OR_MAINTENANCE_OF_EPITHELIAL_CELL_APICAL_BASAL_POLARITY,0.6223697650663943,0.6754716981132076,0.49570990806945864,0.49056603773584906
459,GO_LOOP_OF_HENLE_DEVELOPMENT,0.5261491317671092,0.5050314465408805,0.5,0.5
460,GO_VESICLE_ORGANIZATION,0.6438202247191012,0.5044025157232704,0.4230847803881512,0.5440251572327044
461,GO_KERATINOCYTE_PROLIFERATION,0.5572012257405516,0.5383647798742138,0.5,0.5
462,GO_MACROPHAGE_ACTIVATION_INVOLVED_IN_IMMUNE_RESPONSE,0.5593462717058222,0.5666666666666667,0.478855975485189,0.5572327044025157
463,GO_INDOLALKYLAMINE_METABOLIC_PROCESS,0.593973442288049,0.5289308176100629,0.4943820224719101,0.4716981132075472
464,GO_POSITIVE_REGULATION_OF_BINDING,0.6414708886618998,0.5867924528301887,0.5123595505617977,0.5823899371069182
465,GO_SMOOTH_MUSCLE_CELL_DIFFERENTIATION,0.6059244126659857,0.5132075471698113,0.4943820224719101,0.5333333333333333
466,GO_MALE_GENITALIA_DEVELOPMENT,0.5993871297242083,0.610062893081761,0.4991828396322778,0.5666666666666667
467,GO_REGULATION_OF_HYDROLASE_ACTIVITY,0.7126659856996935,0.5723270440251572,0.5265577119509703,0.5880503144654088
468,GO_ENDOCARDIAL_CUSHION_DEVELOPMENT,0.5581205311542391,0.5811320754716981,0.47191011235955055,0.49056603773584906
469,GO_NEGATIVE_REGULATION_OF_ERBB_SIGNALING_PATHWAY,0.5560776302349336,0.5459119496855346,0.4718079673135852,0.5477987421383648
470,GO_RESPONSE_TO_DIETARY_EXCESS,0.6037793667007151,0.6238993710691824,0.47191011235955055,0.5666666666666667
471,GO_REGULATION_OF_MEIOTIC_NUCLEAR_DIVISION,0.5457609805924413,0.580503144654088,0.4844739530132789,0.5050314465408805
472,GO_BRANCH_ELONGATION_OF_AN_EPITHELIUM,0.5660878447395301,0.6069182389937107,0.4887640449438202,0.5333333333333333
473,GO_POSITIVE_REGULATION_OF_CELLULAR_AMIDE_METABOLIC_PROCESS,0.608682328907048,0.5578616352201258,0.44341164453524,0.4767295597484277
474,GO_POSITIVE_REGULATION_OF_VACUOLE_ORGANIZATION,0.5494382022471911,0.5811320754716981,0.4810010214504596,0.49056603773584906
475,GO_NEGATIVE_REGULATION_OF_PLATELET_ACTIVATION,0.5758937691521961,0.6069182389937107,0.4866189989785495,0.5333333333333333
476,GO_GLUTAMINE_FAMILY_AMINO_ACID_CATABOLIC_PROCESS,0.5719101123595506,0.5144654088050314,0.4844739530132789,0.5238993710691824
477,GO_EMBRYONIC_SKELETAL_SYSTEM_DEVELOPMENT,0.6867211440245147,0.6377358490566039,0.4736465781409601,0.5490566037735849
478,GO_NEURON_MATURATION,0.6312563840653729,0.5628930817610063,0.49622063329928495,0.5327044025157233
479,GO_THYMIC_T_CELL_SELECTION,0.606843718079673,0.5716981132075472,0.4991828396322778,0.5666666666666667
480,GO_CELLULAR_RESPONSE_TO_BIOTIC_STIMULUS,0.6497446373850868,0.5767295597484277,0.4615934627170582,0.5528301886792453
481,GO_COENZYME_A_METABOLIC_PROCESS,0.5704800817160368,0.5226415094339623,0.4887640449438202,0.5238993710691824
482,GO_PROTEIN_LOCALIZATION_TO_CILIUM,0.5773237997957099,0.4962264150943396,0.47374872318692546,0.5716981132075472
483,GO_RNA_STABILIZATION,0.5543411644535239,0.510062893081761,0.4943820224719101,0.5238993710691824
484,GO_ACTIN_MYOSIN_FILAMENT_SLIDING,0.6332992849846782,0.5823899371069182,0.4943820224719101,0.5333333333333333
485,GO_REGULATION_OF_CELL_MORPHOGENESIS_INVOLVED_IN_DIFFERENTIATION,0.6959141981613891,0.6842767295597485,0.47620020429009197,0.5679245283018868
486,GO_REGULATION_OF_PROTEIN_HOMODIMERIZATION_ACTIVITY,0.5340143003064352,0.5911949685534591,0.5,0.5
487,GO_REGULATION_OF_HETEROTYPIC_CELL_CELL_ADHESION,0.5636363636363636,0.5572327044025157,0.4866189989785495,0.49056603773584906
488,GO_POSITIVE_REGULATION_OF_REACTIVE_OXYGEN_SPECIES_BIOSYNTHETIC_PROCESS,0.6528089887640449,0.5490566037735849,0.4828396322778345,0.5144654088050314
489,GO_ALPHA_AMINO_ACID_METABOLIC_PROCESS,0.6817160367722165,0.5735849056603773,0.43615934627170583,0.48050314465408805
490,GO_MITOCHONDRIAL_DNA_METABOLIC_PROCESS,0.5286006128702757,0.4716981132075472,0.4887640449438202,0.5333333333333333
491,GO_CGMP_METABOLIC_PROCESS,0.6402451481103166,0.5471698113207547,0.4887640449438202,0.5333333333333333
492,GO_ADULT_BEHAVIOR,0.6658835546475996,0.6138364779874215,0.4448416751787539,0.580503144654088
493,GO_RETINAL_GANGLION_CELL_AXON_GUIDANCE,0.5846782431052095,0.5962264150943396,0.4922369765066394,0.4811320754716981
494,GO_POSITIVE_REGULATION_OF_MEMBRANE_INVAGINATION,0.5918283963227784,0.5433962264150943,0.5,0.5
495,GO_SPINDLE_LOCALIZATION,0.5394279877425945,0.5270440251572327,0.4568947906026558,0.4861635220125786
496,GO_HYDROGEN_PEROXIDE_CATABOLIC_PROCESS,0.5562819203268642,0.5660377358490566,0.4943820224719101,0.5333333333333333
497,GO_CELLULAR_RESPONSE_TO_ORGANIC_CYCLIC_COMPOUND,0.700715015321757,0.6515723270440251,0.5384065372829417,0.6150943396226415
498,GO_POSITIVE_REGULATION_OF_CYTOKINE_PRODUCTION_INVOLVED_IN_IMMUNE_RESPONSE,0.5487231869254341,0.60062893081761,0.4922369765066394,0.5238993710691824
499,GO_REGULATION_OF_PROTEIN_SUMOYLATION,0.5522982635342186,0.5144654088050314,0.48314606741573035,0.5333333333333333
500,GO_RESPONSE_TO_ENDOPLASMIC_RETICULUM_STRESS,0.6715015321756894,0.4880503144654088,0.42247191011235957,0.5226415094339623
501,GO_CELLULAR_RESPONSE_TO_LIGHT_STIMULUS,0.6640449438202246,0.6352201257861635,0.46281920326864145,0.5628930817610063
502,GO_POSITIVE_REGULATION_BY_HOST_OF_VIRAL_TRANSCRIPTION,0.5443309499489275,0.5050314465408805,0.49785495403472924,0.49056603773584906
503,GO_NEGATIVE_REGULATION_OF_STEM_CELL_DIFFERENTIATION,0.5885597548518897,0.5157232704402516,0.4764044943820224,0.49559748427672956
504,GO_NEGATIVE_REGULATION_OF_PRODUCTION_OF_MOLECULAR_MEDIATOR_OF_IMMUNE_RESPONSE,0.5572012257405516,0.590566037735849,0.4654749744637385,0.5811320754716981
505,GO_SPHINGOLIPID_MEDIATED_SIGNALING_PATHWAY,0.5616956077630235,0.5314465408805031,0.5,0.5
506,GO_SYNAPTIC_VESICLE_CYTOSKELETAL_TRANSPORT,0.5537282941777323,0.5716981132075472,0.4866189989785495,0.5238993710691824
507,GO_LUNG_CELL_DIFFERENTIATION,0.6117466802860062,0.5584905660377358,0.49009193054136874,0.49056603773584906
508,GO_PLATELET_ACTIVATION,0.6824310520939735,0.4949685534591195,0.45270684371807973,0.6163522012578616
509,GO_CYTOSKELETON_ORGANIZATION,0.7040858018386109,0.5666666666666667,0.48100102145045964,0.5446540880503145
510,GO_NUCLEOTIDE_BINDING_DOMAIN_LEUCINE_RICH_REPEAT_CONTAINING_RECEPTOR_SIGNALING_PATHWAY,0.5672114402451481,0.5572327044025157,0.4943820224719101,0.49056603773584906
511,GO_TRANSCRIPTION_COUPLED_NUCLEOTIDE_EXCISION_REPAIR,0.5825331971399387,0.5106918238993711,0.4810010214504596,0.4811320754716981
512,GO_MEMBRANE_DEPOLARIZATION_DURING_ACTION_POTENTIAL,0.6738508682328908,0.5761006289308176,0.48488253319714,0.5893081761006289
513,GO_MATURATION_OF_SSU_RRNA,0.5467824310520939,0.5477987421383648,0.4943820224719101,0.49056603773584906
514,GO_BETA_AMYLOID_METABOLIC_PROCESS,0.5527068437180797,0.5528301886792453,0.5,0.5
515,GO_RESPONSE_TO_WOUNDING,0.7002042900919306,0.520125786163522,0.5110316649642492,0.5465408805031446
516,GO_NON_CANONICAL_WNT_SIGNALING_PATHWAY,0.6278855975485189,0.5723270440251572,0.45117466802860057,0.6578616352201258
517,GO_RENAL_SYSTEM_PROCESS_INVOLVED_IN_REGULATION_OF_BLOOD_VOLUME,0.5316649642492339,0.5559748427672956,0.5,0.5
518,GO_NEGATIVE_REGULATION_OF_LEUKOCYTE_MEDIATED_IMMUNITY,0.595812053115424,0.5125786163522013,0.47803881511746676,0.5289308176100629
519,GO_POSITIVE_REGULATION_OF_CREB_TRANSCRIPTION_FACTOR_ACTIVITY,0.5783452502553625,0.49559748427672956,0.5,0.5
520,GO_NEGATIVE_REGULATION_OF_CELL_GROWTH,0.6050051072522984,0.5716981132075472,0.47170582226762003,0.5572327044025157
521,GO_MODIFIED_AMINO_ACID_TRANSPORT,0.5650663942798774,0.5088050314465409,0.49570990806945864,0.49056603773584906
522,GO_CGMP_BIOSYNTHETIC_PROCESS,0.5991828396322778,0.5622641509433962,0.47538304392236974,0.5666666666666667
523,GO_PROTEIN_SECRETION,0.6472931562819204,0.5962264150943396,0.48426966292134827,0.5490566037735849
524,GO_ALTERNATIVE_MRNA_SPLICING_VIA_SPLICEOSOME,0.5337078651685392,0.5572327044025157,0.49785495403472924,0.49056603773584906
525,GO_ASSOCIATIVE_LEARNING,0.6403472931562819,0.5333333333333333,0.4578140960163432,0.5981132075471698
526,GO_SNORNA_METABOLIC_PROCESS,0.5307456588355465,0.5333333333333333,0.5,0.5
527,GO_NEGATIVE_REGULATION_OF_CELLULAR_CATABOLIC_PROCESS,0.690194075587334,0.5465408805031446,0.48488253319714,0.5144654088050314
528,GO_REGULATION_OF_RESPONSE_TO_EXTRACELLULAR_STIMULUS,0.6795709908069458,0.5849056603773585,0.4241062308478039,0.5308176100628931
529,GO_COFACTOR_TRANSPORT,0.5401430030643515,0.5226415094339623,0.478855975485189,0.5238993710691824
530,GO_POSITIVE_REGULATION_OF_FAT_CELL_DIFFERENTIATION,0.5636363636363636,0.6163522012578616,0.4606741573033708,0.5238993710691824
531,GO_NEGATIVE_REGULATION_OF_PROTEIN_POLYMERIZATION,0.6760980592441267,0.6037735849056605,0.49295199182839633,0.4767295597484277
532,GO_EXOGENOUS_DRUG_CATABOLIC_PROCESS,0.6286006128702759,0.5893081761006289,0.49009193054136874,0.5238993710691824
533,GO_NEGATIVE_REGULATION_OF_REACTIVE_OXYGEN_SPECIES_METABOLIC_PROCESS,0.5454545454545454,0.5333333333333333,0.46864147088866187,0.5150943396226415
534,GO_REGULATION_OF_PROTEIN_DEACETYLATION,0.5990806945863125,0.5044025157232704,0.4922369765066394,0.5144654088050314
535,GO_OTIC_VESICLE_DEVELOPMENT,0.6200204290091931,0.529559748427673,0.5,0.5
536,GO_POSITIVE_REGULATION_OF_DNA_TEMPLATED_TRANSCRIPTION_INITIATION,0.5628192032686415,0.5144654088050314,0.49009193054136874,0.4811320754716981
537,GO_NEURON_PROJECTION_EXTENSION_INVOLVED_IN_NEURON_PROJECTION_GUIDANCE,0.6007150153217569,0.6433962264150943,0.4732379979570991,0.5238993710691824
538,GO_PHOSPHOLIPID_DEPHOSPHORYLATION,0.574668028600613,0.5427672955974843,0.5,0.5
539,GO_NEGATIVE_REGULATION_OF_DNA_REPAIR,0.5229826353421858,0.5050314465408805,0.49785495403472924,0.49056603773584906
540,GO_METAL_ION_TRANSPORT,0.698876404494382,0.6031446540880503,0.5023493360572012,0.6044025157232704
541,GO_INSULIN_SECRETION,0.6092951991828397,0.5773584905660377,0.4823289070480081,0.5144654088050314
542,GO_POSITIVE_REGULATION_OF_FIBROBLAST_PROLIFERATION,0.6182839632277835,0.5094339622641509,0.480388151174668,0.5138364779874214
543,GO_PREASSEMBLY_OF_GPI_ANCHOR_IN_ER_MEMBRANE,0.5224719101123595,0.5289308176100629,0.4943820224719101,0.49056603773584906
544,GO_NECROTIC_CELL_DEATH,0.5515832482124617,0.4811320754716981,0.5,0.5
545,GO_REGULATION_OF_MAST_CELL_ACTIVATION_INVOLVED_IN_IMMUNE_RESPONSE,0.561899897854954,0.4861635220125786,0.4866189989785495,0.46226415094339623
546,GO_POSITIVE_REGULATION_OF_CELLULAR_AMINE_METABOLIC_PROCESS,0.5674157303370786,0.5578616352201258,0.5,0.5
547,GO_POSITIVE_REGULATION_OF_INTRACELLULAR_PROTEIN_TRANSPORT,0.6937691521961185,0.5540880503144654,0.46271705822267617,0.6433962264150943
548,GO_REGULATION_BY_VIRUS_OF_VIRAL_PROTEIN_LEVELS_IN_HOST_CELL,0.5198161389172625,0.5232704402515723,0.4943820224719101,0.49056603773584906
549,GO_CHROMOSOME_LOCALIZATION,0.5898876404494382,0.510062893081761,0.48314606741573035,0.5144654088050314
550,GO_REGULATION_OF_RESPIRATORY_SYSTEM_PROCESS,0.5912155260469868,0.5761006289308176,0.5,0.5
551,GO_POSITIVE_REGULATION_OF_ADENYLATE_CYCLASE_ACTIVITY,0.6143003064351379,0.5452830188679245,0.49244126659856996,0.5383647798742138
552,GO_POSITIVE_REGULATION_OF_NEURON_DIFFERENTIATION,0.6771195097037793,0.5591194968553459,0.44841675178753826,0.6861635220125786
553,GO_EMBRYONIC_SKELETAL_SYSTEM_MORPHOGENESIS,0.6175689479060266,0.6477987421383647,0.46813074565883556,0.5647798742138365
554,GO_ACTIVATION_OF_GTPASE_ACTIVITY,0.6484167517875384,0.5088050314465409,0.478855975485189,0.5572327044025157
555,GO_INOSITOL_PHOSPHATE_METABOLIC_PROCESS,0.6032686414708888,0.46729559748427674,0.4593462717058223,0.6069182389937107
556,GO_T_CELL_HOMEOSTASIS,0.5827374872318691,0.5050314465408805,0.4708886618998978,0.5320754716981132
557,GO_REGULATION_OF_RECEPTOR_ACTIVITY,0.6742594484167517,0.5874213836477988,0.48569969356486214,0.5679245283018868
558,GO_HISTONE_METHYLATION,0.612461695607763,0.48553459119496856,0.45607763023493364,0.5861635220125786
559,GO_CELLULAR_RESPONSE_TO_FLUID_SHEAR_STRESS,0.5626149131767109,0.5383647798742138,0.4858018386108274,0.5238993710691824
560,GO_POSITIVE_REGULATION_OF_TRANSPORTER_ACTIVITY,0.6624106230847804,0.5132075471698113,0.49867211440245146,0.5471698113207547
561,GO_POSITIVE_REGULATION_OF_TRANSCRIPTION_FACTOR_IMPORT_INTO_NUCLEUS,0.5972420837589378,0.5553459119496855,0.46302349336057197,0.5578616352201258
562,GO_ALPHA_BETA_T_CELL_DIFFERENTIATION,0.6327885597548518,0.49748427672955975,0.47252298263534215,0.5050314465408805
563,GO_ESTABLISHMENT_OF_PROTEIN_LOCALIZATION_TO_CHROMOSOME,0.5487231869254341,0.5383647798742138,0.5,0.5
564,GO_PEPTIDE_CROSS_LINKING,0.6478038815117466,0.48238993710691824,0.49080694586312557,0.5226415094339623
565,GO_PEPTIDYL_SERINE_MODIFICATION,0.6541368743615935,0.5911949685534591,0.4684371807967313,0.5088050314465409
566,GO_CELLULAR_RESPONSE_TO_EXTRACELLULAR_STIMULUS,0.6377936670071501,0.6264150943396227,0.43421859039836563,0.46226415094339623
567,GO_ROUNDABOUT_SIGNALING_PATHWAY,0.583758937691522,0.5672955974842767,0.4943820224719101,0.6
568,GO_ESTABLISHMENT_OF_PROTEIN_LOCALIZATION,0.6800817160367721,0.5647798742138365,0.4878447395301328,0.5578616352201258
569,GO_NEGATIVE_REGULATION_OF_RESPONSE_TO_DNA_DAMAGE_STIMULUS,0.5854954034729315,0.5477987421383648,0.48396322778345247,0.5289308176100629
570,GO_GLUTAMATE_METABOLIC_PROCESS,0.5558733401430032,0.5572327044025157,0.4866189989785495,0.5333333333333333
571,GO_SPHINGOMYELIN_METABOLIC_PROCESS,0.554749744637385,0.5572327044025157,0.4887640449438202,0.49056603773584906
572,GO_TRNA_METABOLIC_PROCESS,0.5876404494382022,0.5641509433962264,0.43483146067415723,0.4817610062893082
573,GO_NEGATIVE_REGULATION_OF_ATPASE_ACTIVITY,0.5657814096016343,0.5069182389937107,0.5,0.5
574,GO_POSITIVE_REGULATION_OF_LOCOMOTION,0.7038815117466802,0.4716981132075472,0.4193054136874362,0.5993710691823899
575,GO_REGULATION_OF_DENDRITE_MORPHOGENESIS,0.6272727272727272,0.5874213836477987,0.4185903983656793,0.5119496855345912
576,GO_CELLULAR_RESPONSE_TO_LITHIUM_ION,0.5542390194075587,0.5572327044025157,0.49785495403472924,0.5333333333333333
577,GO_MAMMARY_GLAND_EPITHELIUM_DEVELOPMENT,0.6397344228804903,0.569811320754717,0.4866189989785495,0.5238993710691824
578,GO_CELLULAR_RESPONSE_TO_PROSTAGLANDIN_STIMULUS,0.6169560776302349,0.5578616352201258,0.48314606741573035,0.5333333333333333
579,GO_REGULATION_OF_MYELOID_CELL_APOPTOTIC_PROCESS,0.5436159346271705,0.5006289308176101,0.4991828396322778,0.5666666666666667
580,GO_NEGATIVE_REGULATION_OF_VIRAL_PROCESS,0.5723186925434116,0.5094339622641509,0.4662921348314607,0.5238993710691824
581,GO_ERYTHROCYTE_HOMEOSTASIS,0.6012257405515833,0.5867924528301887,0.4642492339121553,0.5792452830188679
582,GO_RESPONSE_TO_HEAT,0.6329928498467824,0.5433962264150943,0.4799795709908069,0.5050314465408805
583,GO_NOTCH_RECEPTOR_PROCESSING,0.5911133810010215,0.5314465408805031,0.5,0.5
584,GO_CELLULAR_RESPONSE_TO_CADMIUM_ION,0.5612870275791624,0.5383647798742138,0.49785495403472924,0.49056603773584906
585,GO_SUCKLING_BEHAVIOR,0.5069458631256384,0.49056603773584906,0.4844739530132789,0.5144654088050314
586,GO_POSITIVE_REGULATION_OF_KIDNEY_DEVELOPMENT,0.6121552604698672,0.6371069182389937,0.4844739530132789,0.5572327044025157
587,GO_REGULATION_OF_MITOTIC_SPINDLE_CHECKPOINT,0.570990806945863,0.5477987421383648,0.49785495403472924,0.49056603773584906
588,GO_I_KAPPAB_KINASE_NF_KAPPAB_SIGNALING,0.6242083758937691,0.5647798742138365,0.46772216547497447,0.6572327044025157
589,GO_REGULATION_OF_NON_CANONICAL_WNT_SIGNALING_PATHWAY,0.549438202247191,0.5383647798742138,0.4823289070480081,0.5572327044025157
590,GO_REGULATION_OF_KINASE_ACTIVITY,0.6814096016343207,0.5867924528301887,0.422267620020429,0.5679245283018868
591,GO_CHROMOSOME_LOCALIZATION_TO_NUCLEAR_ENVELOPE_INVOLVED_IN_HOMOLOGOUS_CHROMOSOME_SEGREGATION,0.5272727272727272,0.5238993710691824,0.46414708886618994,0.5238993710691824
592,GO_NEGATIVE_REGULATION_OF_DNA_RECOMBINATION,0.5264555669050051,0.6,0.4764044943820224,0.5144654088050314
593,GO_POSITIVE_REGULATION_OF_LYMPHOCYTE_MIGRATION,0.5454545454545454,0.5333333333333333,0.5,0.5
594,GO_NEGATIVE_REGULATION_OF_CELLULAR_RESPONSE_TO_INSULIN_STIMULUS,0.5704800817160368,0.5050314465408805,0.4922369765066394,0.5477987421383648
595,GO_POSITIVE_REGULATION_OF_CELLULAR_EXTRAVASATION,0.5257405515832482,0.5383647798742138,0.4991828396322778,0.5333333333333333
596,GO_MYELOID_LEUKOCYTE_DIFFERENTIATION,0.6349336057201226,0.5559748427672956,0.4487231869254341,0.5842767295597484
597,GO_PEROXISOME_ORGANIZATION,0.5325842696629214,0.4811320754716981,0.4801838610827375,0.5333333333333333
598,GO_DNA_STRAND_ELONGATION_INVOLVED_IN_DNA_REPLICATION,0.5216547497446373,0.46226415094339623,0.4922369765066394,0.5333333333333333
599,GO_CELLULAR_MODIFIED_AMINO_ACID_CATABOLIC_PROCESS,0.5502553626149131,0.44339622641509435,0.4925434116445352,0.5238993710691824
600,GO_SINGLE_ORGANISM_CELL_ADHESION,0.6851889683350357,0.5830188679245283,0.4793667007150153,0.6169811320754718
601,GO_POLYOL_METABOLIC_PROCESS,0.6608784473953013,0.5106918238993711,0.46261491317671094,0.550314465408805
602,GO_POSITIVE_REGULATION_OF_TRANSCRIPTION_INITIATION_FROM_RNA_POLYMERASE_II_PROMOTER,0.5320735444330951,0.4716981132075472,0.4823289070480081,0.5144654088050314
603,GO_APICAL_JUNCTION_ASSEMBLY,0.5908069458631258,0.5433962264150943,0.5,0.5
604,GO_PYRIMIDINE_RIBONUCLEOSIDE_TRIPHOSPHATE_METABOLIC_PROCESS,0.5251276813074566,0.5333333333333333,0.48314606741573035,0.5333333333333333
605,GO_LYMPHOCYTE_HOMEOSTASIS,0.6016343207354443,0.5867924528301887,0.470582226762002,0.5452830188679245
606,GO_SERTOLI_CELL_DEVELOPMENT,0.6038815117466803,0.5647798742138365,0.4943820224719101,0.5333333333333333
607,GO_NEGATIVE_REGULATION_OF_RNA_SPLICING,0.5342185903983656,0.5238993710691824,0.48314606741573035,0.5144654088050314
608,GO_CELL_CYCLE_PHASE_TRANSITION,0.701123595505618,0.69937106918239,0.4171603677221654,0.4748427672955975
609,GO_TISSUE_MORPHOGENESIS,0.6927477017364657,0.5937106918238994,0.4481103166496425,0.6767295597484277
610,GO_ENDOSOME_TO_LYSOSOME_TRANSPORT,0.5897854954034729,0.5132075471698113,0.49009193054136874,0.5238993710691824
611,GO_MRNA_PROCESSING,0.6742594484167518,0.6402515723270441,0.4388151174668029,0.5276729559748428
612,GO_RESPONSE_TO_ANGIOTENSIN,0.571297242083759,0.5157232704402516,0.4922369765066394,0.5666666666666667
613,GO_DENDRITIC_SPINE_DEVELOPMENT,0.5674157303370787,0.49433962264150944,0.49284984678243104,0.5622641509433962
614,GO_REGULATION_OF_PROTEIN_OLIGOMERIZATION,0.5887640449438202,0.4911949685534591,0.49356486210418793,0.5238993710691824
615,GO_HEME_METABOLIC_PROCESS,0.537691521961185,0.49056603773584906,0.49785495403472924,0.49056603773584906
616,GO_SERINE_FAMILY_AMINO_ACID_BIOSYNTHETIC_PROCESS,0.5628192032686415,0.5572327044025157,0.5,0.5
617,GO_CEREBELLAR_PURKINJE_CELL_LAYER_FORMATION,0.6033707865168538,0.5811320754716981,0.47191011235955055,0.5144654088050314
618,GO_CELLULAR_RESPONSE_TO_CARBOHYDRATE_STIMULUS,0.6017364657814096,0.5754716981132075,0.4651685393258427,0.6069182389937107
619,GO_INOSITOL_PHOSPHATE_CATABOLIC_PROCESS,0.5478038815117466,0.5383647798742138,0.5,0.5
620,GO_C21_STEROID_HORMONE_METABOLIC_PROCESS,0.542288049029622,0.5477987421383648,0.4866189989785495,0.5238993710691824
621,GO_NEGATIVE_REGULATION_OF_GLIAL_CELL_DIFFERENTIATION,0.5529111338100102,0.5735849056603773,0.4752808988764045,0.4811320754716981
622,GO_POSITIVE_REGULATION_OF_SYNAPSE_ASSEMBLY,0.622267620020429,0.5465408805031446,0.47936670071501536,0.5823899371069182
623,GO_TRANSMISSION_OF_NERVE_IMPULSE,0.6531154239019408,0.5974842767295597,0.4787538304392237,0.5578616352201258
624,GO_POSITIVE_REGULATION_OF_VASCULATURE_DEVELOPMENT,0.6915219611848824,0.5031446540880503,0.46639427987742593,0.5050314465408805
625,GO_POSITIVE_REGULATION_OF_EPIDERMAL_CELL_DIFFERENTIATION,0.5286006128702758,0.5559748427672956,0.47752808988764045,0.4811320754716981
626,GO_MEMBRANE_FUSION,0.6443309499489274,0.45157232704402517,0.48855975485188974,0.5622641509433962
627,GO_POSITIVE_REGULATION_OF_TOR_SIGNALING,0.530949948927477,0.5245283018867924,0.49785495403472924,0.5333333333333333
628,GO_POSITIVE_REGULATION_OF_GLIAL_CELL_DIFFERENTIATION,0.5431052093973442,0.46226415094339623,0.4707865168539325,0.590566037735849
629,GO_MALE_SEX_DETERMINATION,0.583758937691522,0.5559748427672956,0.5,0.5
630,GO_TYPE_B_PANCREATIC_CELL_DEVELOPMENT,0.539632277834525,0.5238993710691824,0.4991828396322778,0.5333333333333333
631,GO_REGULATION_OF_SUPEROXIDE_ANION_GENERATION,0.5363636363636364,0.49056603773584906,0.49009193054136874,0.49056603773584906
632,GO_ANTIGEN_RECEPTOR_MEDIATED_SIGNALING_PATHWAY,0.6499489274770174,0.5823899371069182,0.4254341164453524,0.6
633,GO_POSITIVE_REGULATION_OF_MITOTIC_CELL_CYCLE,0.6561797752808989,0.5918238993710692,0.4536261491317672,0.5383647798742138
634,GO_LYMPHOCYTE_COSTIMULATION,0.5930541368743617,0.5509433962264151,0.47415730337078654,0.4528301886792453
635,GO_REGULATION_OF_SERINE_TYPE_PEPTIDASE_ACTIVITY,0.5402451481103167,0.5811320754716981,0.4710929519918283,0.5572327044025157
636,GO_NEGATIVE_REGULATION_OF_STEROID_METABOLIC_PROCESS,0.5363636363636364,0.49056603773584906,0.47191011235955055,0.49056603773584906
637,GO_COFACTOR_METABOLIC_PROCESS,0.6726251276813076,0.6100628930817611,0.4837589376915219,0.6050314465408805
638,GO_BARBED_END_ACTIN_FILAMENT_CAPPING,0.541164453524004,0.5811320754716981,0.4903983656792646,0.5238993710691824
639,GO_CELL_MIGRATION_INVOLVED_IN_SPROUTING_ANGIOGENESIS,0.5680286006128702,0.540251572327044,0.5,0.5
640,GO_NEGATIVE_REGULATION_OF_INTRACELLULAR_ESTROGEN_RECEPTOR_SIGNALING_PATHWAY,0.509090909090909,0.5333333333333333,0.4991828396322778,0.5333333333333333
641,GO_REGULATION_OF_TYPE_2_IMMUNE_RESPONSE,0.5587334014300307,0.5289308176100629,0.5,0.5
642,GO_3_UTR_MEDIATED_MRNA_STABILIZATION,0.5160367722165474,0.4811320754716981,0.4943820224719101,0.5238993710691824
643,GO_DRUG_CATABOLIC_PROCESS,0.662614913176711,0.5679245283018868,0.5,0.5
644,GO_POSITIVE_REGULATION_OF_RHO_PROTEIN_SIGNAL_TRANSDUCTION,0.5660878447395301,0.5157232704402516,0.4879468845760981,0.49056603773584906
645,GO_PRIMITIVE_STREAK_FORMATION,0.5506639427987743,0.5238993710691824,0.49570990806945864,0.49056603773584906
646,GO_RESPONSE_TO_PHENYLPROPANOID,0.5598569969356486,0.590566037735849,0.5,0.5
647,GO_REGULATION_OF_EPITHELIAL_CELL_MIGRATION,0.6818181818181818,0.5440251572327044,0.44545454545454544,0.5716981132075472
648,GO_POSITIVE_REGULATION_OF_NOTCH_SIGNALING_PATHWAY,0.5424923391215525,0.5666666666666667,0.4943820224719101,0.5333333333333333
649,GO_CELL_DEATH,0.6745658835546475,0.5327044025157233,0.49550561797752807,0.589937106918239
650,GO_CELLULAR_IRON_ION_HOMEOSTASIS,0.5767109295199183,0.5415094339622641,0.4895812053115424,0.5911949685534591
651,GO_CONTRACTILE_ACTIN_FILAMENT_BUNDLE_ASSEMBLY,0.5775280898876404,0.5333333333333333,0.4943820224719101,0.6
652,GO_MACROMOLECULE_DEACYLATION,0.587946884576098,0.5251572327044025,0.49550561797752807,0.5333333333333333
653,GO_TRANSLATIONAL_INITIATION,0.5834525025536261,0.5566037735849056,0.4672114402451481,0.5490566037735849
654,GO_ACTIVATION_OF_NF_KAPPAB_INDUCING_KINASE_ACTIVITY,0.5451481103166497,0.5238993710691824,0.478855975485189,0.5572327044025157
655,GO_SYNAPTIC_TRANSMISSION_CHOLINERGIC,0.5762002042900919,0.5371069182389937,0.4752808988764045,0.5490566037735849
656,GO_NEGATIVE_REGULATION_OF_CYTOKINE_PRODUCTION_INVOLVED_IN_IMMUNE_RESPONSE,0.5272727272727272,0.5333333333333333,0.49785495403472924,0.49056603773584906
657,GO_REGULATION_OF_TOLL_LIKE_RECEPTOR_4_SIGNALING_PATHWAY,0.5446373850868232,0.5861635220125786,0.4966292134831461,0.5050314465408805
658,GO_POSITIVE_REGULATION_OF_CELLULAR_PROTEIN_LOCALIZATION,0.6888661899897854,0.5792452830188679,0.47773237997957096,0.579874213836478
659,GO_PLASMA_MEMBRANE_ORGANIZATION,0.6663942798774258,0.6496855345911949,0.45321756894790605,0.5691823899371069
660,GO_REGULATION_OF_NEUROTRANSMITTER_SECRETION,0.6203268641470888,0.6610062893081761,0.4640449438202247,0.5069182389937107
661,GO_POSITIVE_REGULATION_OF_PROTEIN_CATABOLIC_PROCESS,0.6871297242083758,0.5823899371069183,0.4562819203268641,0.5874213836477987
662,GO_ACTIVATION_OF_ADENYLATE_CYCLASE_ACTIVITY,0.6035750766087845,0.5220125786163522,0.4922369765066394,0.5477987421383648
663,GO_WHITE_FAT_CELL_DIFFERENTIATION,0.544943820224719,0.5490566037735849,0.4887640449438202,0.5333333333333333
664,GO_OOGENESIS,0.6267620020429009,0.5314465408805031,0.46414708886618994,0.5238993710691824
665,GO_REGULATION_OF_SHORT_TERM_NEURONAL_SYNAPTIC_PLASTICITY,0.5887640449438202,0.5289308176100629,0.4823289070480081,0.6
666,GO_ALDEHYDE_CATABOLIC_PROCESS,0.5694586312563841,0.5477987421383648,0.5,0.5
667,GO_RESPONSE_TO_TYPE_I_INTERFERON,0.5925434116445353,0.5245283018867924,0.4844739530132789,0.5333333333333333
668,GO_MITOCHONDRIAL_RESPIRATORY_CHAIN_COMPLEX_ASSEMBLY,0.5597548518896833,0.5811320754716981,0.48140960163432067,0.4716981132075472
669,GO_HYALURONAN_CATABOLIC_PROCESS,0.611338100102145,0.5955974842767295,0.5,0.5
670,GO_NEUROTRANSMITTER_BIOSYNTHETIC_PROCESS,0.5613891726251277,0.5647798742138365,0.4914198161389173,0.5238993710691824
671,GO_PENTOSE_PHOSPHATE_SHUNT,0.5216547497446373,0.5333333333333333,0.5,0.5
672,GO_CYTOKINE_MEDIATED_SIGNALING_PATHWAY,0.7168539325842698,0.6113207547169811,0.4345250255362615,0.638993710691824
673,GO_ATP_GENERATION_FROM_ADP,0.5812053115423901,0.510062893081761,0.4866189989785495,0.5666666666666667
674,GO_NEGATIVE_REGULATION_OF_LOCOMOTION,0.6813074565883555,0.4679245283018868,0.4485188968335036,0.4918238993710692
675,GO_IMP_METABOLIC_PROCESS,0.517364657814096,0.5477987421383648,0.5,0.5
676,GO_NCRNA_3_END_PROCESSING,0.5034729315628191,0.49056603773584906,0.49785495403472924,0.5333333333333333
677,GO_LYMPH_NODE_DEVELOPMENT,0.5560776302349335,0.519496855345912,0.48314606741573035,0.49056603773584906
678,GO_REGULATION_OF_CELLULAR_COMPONENT_SIZE,0.6816138917262513,0.640251572327044,0.4305413687436159,0.5842767295597485
679,GO_MITOCHONDRIAL_TRANSPORT,0.5776302349336058,0.5471698113207547,0.45832482124616963,0.6050314465408805
680,GO_SULFUR_COMPOUND_BIOSYNTHETIC_PROCESS,0.6986721144024515,0.5522012578616352,0.47844739530132785,0.5572327044025157
681,GO_T_CELL_PROLIFERATION,0.5704800817160368,0.5289308176100629,0.47354443309499483,0.49559748427672956
682,GO_REGULATION_OF_RESPIRATORY_GASEOUS_EXCHANGE_BY_NEUROLOGICAL_SYSTEM_PROCESS,0.5552604698672113,0.6088050314465409,0.5,0.5
683,GO_PROTEIN_TARGETING,0.6395301327885597,0.7062893081761006,0.42635342185903985,0.4918238993710692
684,GO_POSITIVE_REGULATION_OF_CHOLESTEROL_EFFLUX,0.5515832482124617,0.5144654088050314,0.4801838610827375,0.5144654088050314
685,GO_SINGLE_ORGANISM_BIOSYNTHETIC_PROCESS,0.7296220633299285,0.6314465408805032,0.4631256384065373,0.6283018867924528
686,GO_POSITIVE_REGULATION_OF_VIRAL_GENOME_REPLICATION,0.5398365679264555,0.4811320754716981,0.49295199182839633,0.5088050314465409
687,GO_NEGATIVE_REGULATION_OF_INNATE_IMMUNE_RESPONSE,0.6161389172625128,0.5578616352201258,0.4921348314606741,0.5238993710691824
688,GO_REGULATION_OF_ALPHA_AMINO_3_HYDROXY_5_METHYL_4_ISOXAZOLE_PROPIONATE_SELECTIVE_GLUTAMATE_RECEPTOR_ACTIVITY,0.5747701736465782,0.5383647798742138,0.4887640449438202,0.5333333333333333
689,GO_REGULATION_OF_ENDOTHELIAL_CELL_DIFFERENTIATION,0.5816138917262513,0.530188679245283,0.4872318692543411,0.4628930817610063
690,GO_REGULATION_OF_NOREPINEPHRINE_SECRETION,0.5257405515832482,0.5044025157232704,0.4870275791624106,0.5666666666666667
691,GO_GLIAL_CELL_DEVELOPMENT,0.6507660878447394,0.5654088050314465,0.4810010214504596,0.5238993710691824
692,GO_MITOCHONDRIAL_TRANSLATION,0.5382022471910113,0.540251572327044,0.4539325842696629,0.5647798742138365
693,GO_REGULATION_OF_RETINOIC_ACID_RECEPTOR_SIGNALING_PATHWAY,0.5850868232890705,0.5647798742138365,0.4943820224719101,0.49056603773584906
694,GO_STRIATED_MUSCLE_CELL_DIFFERENTIATION,0.7155260469867211,0.5031446540880503,0.49203268641470893,0.4716981132075472
695,GO_REGULATION_OF_SYSTEMIC_ARTERIAL_BLOOD_PRESSURE,0.6482124616956078,0.6094339622641509,0.45944841675178755,0.5069182389937107
696,GO_REGULATION_OF_SMOOTH_MUSCLE_CONTRACTION,0.6361593462717058,0.4761006289308176,0.4914198161389173,0.5238993710691824
697,GO_POLYOL_CATABOLIC_PROCESS,0.5653728294177732,0.5647798742138365,0.5,0.5
698,GO_SECOND_MESSENGER_MEDIATED_SIGNALING,0.6934627170582226,0.5163522012578616,0.48212461695607767,0.6283018867924528
699,GO_CELL_CELL_SIGNALING,0.6833503575076609,0.5723270440251572,0.491317671092952,0.5918238993710692
700,GO_NEGATIVE_REGULATION_OF_B_CELL_ACTIVATION,0.5779366700715016,0.6031446540880503,0.48641470888661903,0.5006289308176101
701,GO_POSITIVE_REGULATION_OF_COAGULATION,0.5654749744637386,0.5471698113207547,0.49846782431052095,0.4981132075471698
702,GO_NEGATIVE_REGULATION_OF_PROTEIN_TYROSINE_KINASE_ACTIVITY,0.5371807967313585,0.5232704402515723,0.4831460674157303,0.5050314465408805
703,GO_LUNG_MORPHOGENESIS,0.6375893769152196,0.580503144654088,0.5,0.5
704,GO_VENTRICULAR_CARDIAC_MUSCLE_CELL_DIFFERENTIATION,0.571297242083759,0.5314465408805031,0.49785495403472924,0.49056603773584906
705,GO_OXIDATIVE_DEMETHYLATION,0.6040858018386108,0.5062893081761006,0.5,0.5
706,GO_REGULATION_OF_MACROPHAGE_ACTIVATION,0.6052093973442287,0.5383647798742138,0.4844739530132789,0.5144654088050314
707,GO_VASCULAR_ENDOTHELIAL_GROWTH_FACTOR_RECEPTOR_SIGNALING_PATHWAY,0.6705822267620021,0.6477987421383647,0.46026557711950966,0.4867924528301887
708,GO_POSITIVE_REGULATION_OF_MAPK_CASCADE,0.7048008171603677,0.6245283018867924,0.47323799795709903,0.6301886792452831
709,GO_MULTICELLULAR_ORGANISMAL_MACROMOLECULE_METABOLIC_PROCESS,0.6747701736465782,0.5371069182389937,0.4566905005107252,0.5842767295597484
710,GO_CARBOHYDRATE_DERIVATIVE_CATABOLIC_PROCESS,0.6874361593462717,0.5169811320754717,0.472829417773238,0.5867924528301887
711,GO_L_AMINO_ACID_TRANSPORT,0.6065372829417773,0.6031446540880503,0.4661899897854954,0.5911949685534591
712,GO_POSITIVE_REGULATION_OF_ACTION_POTENTIAL,0.5236976506639428,0.6056603773584905,0.4914198161389173,0.5144654088050314
713,GO_REGULATION_OF_MUSCLE_CONTRACTION,0.6647599591419816,0.5320754716981132,0.4675178753830439,0.5786163522012578
714,GO_REGULATION_OF_CHOLESTEROL_EFFLUX,0.5515832482124617,0.5144654088050314,0.4801838610827375,0.5144654088050314
715,GO_REGULATION_OF_EXOCYTOSIS,0.6121552604698671,0.5364779874213836,0.4660878447395301,0.6113207547169811
716,GO_NEGATIVE_REGULATION_OF_TOLL_LIKE_RECEPTOR_SIGNALING_PATHWAY,0.5821246169560776,0.5138364779874214,0.4874361593462717,0.5477987421383648
717,GO_ANION_TRANSMEMBRANE_TRANSPORT,0.6951991828396322,0.5981132075471699,0.4375893769152196,0.6125786163522012
718,GO_POSITIVE_REGULATION_OF_PROTEIN_LOCALIZATION_TO_CELL_SURFACE,0.5464759959141982,0.5289308176100629,0.5,0.5
719,GO_PROTEIN_MODIFICATION_BY_SMALL_PROTEIN_CONJUGATION_OR_REMOVAL,0.7354443309499489,0.5308176100628932,0.45005107252298265,0.5056603773584906
720,GO_RENAL_VESICLE_DEVELOPMENT,0.5537282941777323,0.5238993710691824,0.4844739530132789,0.5238993710691824
721,GO_REGULATION_OF_BODY_FLUID_LEVELS,0.7119509703779368,0.6333333333333333,0.5297242083758937,0.5849056603773586
722,GO_REGULATION_OF_HORMONE_LEVELS,0.6991828396322778,0.5949685534591195,0.45045965270684374,0.6477987421383649
723,GO_BONE_CELL_DEVELOPMENT,0.554749744637385,0.5477987421383648,0.478855975485189,0.5666666666666667
724,GO_REGULATION_OF_DEFENSE_RESPONSE,0.7220633299284984,0.5635220125786164,0.43360572012257403,0.60062893081761
725,GO_NEGATIVE_REGULATION_OF_NEUROLOGICAL_SYSTEM_PROCESS,0.5433094994892748,0.5477987421383648,0.4943820224719101,0.49056603773584906
726,GO_PYRIMIDINE_NUCLEOSIDE_MONOPHOSPHATE_METABOLIC_PROCESS,0.5251276813074566,0.5333333333333333,0.4887640449438202,0.5333333333333333
727,GO_POSITIVE_REGULATION_OF_HEART_GROWTH,0.641879468845761,0.5874213836477987,0.49877425944841675,0.5088050314465409
728,GO_NEGATIVE_REGULATION_OF_LIPID_BIOSYNTHETIC_PROCESS,0.6487231869254341,0.5559748427672956,0.4695607763023493,0.5238993710691824
729,GO_NEGATIVE_REGULATION_OF_PEPTIDE_SECRETION,0.6000000000000001,0.5125786163522013,0.47926455566905,0.5050314465408805
730,GO_VESICLE_TARGETING,0.6099080694586313,0.5981132075471698,0.47170582226762,0.4767295597484277
731,GO_REGULATION_OF_PROTEIN_EXPORT_FROM_NUCLEUS,0.5734422880490295,0.529559748427673,0.4710929519918283,0.5238993710691824
732,GO_LAYER_FORMATION_IN_CEREBRAL_CORTEX,0.5983656792645557,0.5383647798742138,0.4943820224719101,0.5333333333333333
733,GO_POSITIVE_REGULATION_OF_ACTIN_CYTOSKELETON_REORGANIZATION,0.5342185903983656,0.49056603773584906,0.4943820224719101,0.5333333333333333
734,GO_SEX_DETERMINATION,0.6024514811031665,0.5465408805031446,0.49785495403472924,0.49056603773584906
735,GO_OLIGOSACCHARIDE_CATABOLIC_PROCESS,0.537691521961185,0.5333333333333333,0.4943820224719101,0.49056603773584906
736,GO_B_CELL_PROLIFERATION,0.5655771195097038,0.5125786163522013,0.46976506639427984,0.5238993710691824
737,GO_POSITIVE_REGULATION_OF_DNA_METABOLIC_PROCESS,0.673237997957099,0.5779874213836478,0.4477017364657814,0.4867924528301887
738,GO_PROTEASOME_ASSEMBLY,0.5467824310520939,0.5238993710691824,0.47752808988764045,0.5333333333333333
739,GO_ESTABLISHMENT_OF_PROTEIN_LOCALIZATION_TO_ENDOPLASMIC_RETICULUM,0.5443309499489275,0.5383647798742138,0.4808988764044943,0.4811320754716981
740,GO_PYRIMIDINE_NUCLEOSIDE_TRIPHOSPHATE_BIOSYNTHETIC_PROCESS,0.5831460674157304,0.5572327044025157,0.48314606741573035,0.5333333333333333
741,GO_NEGATIVE_REGULATION_OF_ENDOCYTOSIS,0.5743615934627171,0.4861635220125786,0.4866189989785495,0.46226415094339623
742,GO_RESPONSE_TO_POTASSIUM_ION,0.5996935648621042,0.5245283018867924,0.49938712972420835,0.5157232704402516
743,GO_REGULATION_OF_LYMPHOCYTE_APOPTOTIC_PROCESS,0.6050051072522983,0.5245283018867924,0.47538304392236974,0.4716981132075472
744,GO_SMALL_MOLECULE_METABOLIC_PROCESS,0.6963227783452502,0.5364779874213836,0.5126659856996936,0.5672955974842768
745,GO_THYMUS_DEVELOPMENT,0.6128702757916241,0.5471698113207547,0.46966292134831467,0.5358490566037736
746,GO_NEGATIVE_REGULATION_OF_ADHERENS_JUNCTION_ORGANIZATION,0.5706843718079673,0.4949685534591195,0.47538304392236974,0.4716981132075472
747,GO_HOMEOSTATIC_PROCESS,0.6953013278855975,0.5754716981132075,0.5080694586312564,0.560377358490566
748,GO_CEREBELLAR_CORTEX_MORPHOGENESIS,0.6076608784473954,0.6075471698113207,0.4887640449438202,0.49056603773584906
749,GO_POSITIVE_REGULATION_OF_CYTOPLASMIC_TRANSPORT,0.6747701736465781,0.588679245283019,0.4270684371807967,0.6050314465408806
750,GO_MORPHOGENESIS_OF_AN_EPITHELIUM,0.689070480081716,0.6748427672955976,0.4473953013278856,0.6849056603773586
751,GO_OSTEOBLAST_DIFFERENTIATION,0.6268641470888662,0.5761006289308176,0.5125638406537283,0.5207547169811321
752,GO_REGULATION_OF_STRIATED_MUSCLE_CELL_DIFFERENTIATION,0.6675178753830439,0.6113207547169811,0.46741573033707867,0.44339622641509435
753,GO_DEFENSE_RESPONSE_TO_VIRUS,0.6252298263534218,0.579874213836478,0.4397344228804903,0.590566037735849
754,GO_SENSORY_PERCEPTION_OF_CHEMICAL_STIMULUS,0.6987742594484168,0.6163522012578616,0.4644535240040858,0.5742138364779875
755,GO_REGULATION_OF_RUFFLE_ASSEMBLY,0.5467824310520939,0.5050314465408805,0.47752808988764045,0.5144654088050314
756,GO_CELLULAR_PIGMENTATION,0.5741573033707865,0.5477987421383648,0.49570990806945864,0.4811320754716981
757,GO_NEGATIVE_REGULATION_OF_CALCIUM_ION_DEPENDENT_EXOCYTOSIS,0.509090909090909,0.5333333333333333,0.473953013278856,0.5157232704402516
758,GO_VACUOLAR_TRANSPORT,0.7012257405515834,0.5773584905660377,0.4732379979570991,0.5811320754716981
759,GO_NEGATIVE_REGULATION_OF_CELL_CELL_ADHESION,0.6544433094994893,0.6616352201257862,0.46261491317671094,0.469811320754717
760,GO_POSITIVE_REGULATION_OF_VIRAL_RELEASE_FROM_HOST_CELL,0.5481103166496425,0.4716981132075472,0.4943820224719101,0.49056603773584906
761,GO_LEUKOCYTE_MEDIATED_CYTOTOXICITY,0.6071501532175689,0.5157232704402516,0.4887640449438202,0.5666666666666667
762,GO_POSITIVE_REGULATION_OF_VACUOLAR_TRANSPORT,0.5568947906026558,0.5006289308176101,0.4887640449438202,0.4811320754716981
763,GO_POSITIVE_REGULATION_OF_LYASE_ACTIVITY,0.6220633299284984,0.5937106918238994,0.4922369765066394,0.5477987421383648
764,GO_ENTRAINMENT_OF_CIRCADIAN_CLOCK_BY_PHOTOPERIOD,0.5670071501532177,0.5289308176100629,0.49785495403472924,0.5333333333333333
765,GO_SUPEROXIDE_METABOLIC_PROCESS,0.6172625127681308,0.5031446540880503,0.49223697650663945,0.4861635220125786
766,GO_ORGANIC_HYDROXY_COMPOUND_METABOLIC_PROCESS,0.6911133810010215,0.5257861635220126,0.4707865168539326,0.549685534591195
767,GO_TELOMERE_MAINTENANCE_VIA_TELOMERE_LENGTHENING,0.5726251276813074,0.5823899371069182,0.4810010214504596,0.4811320754716981
768,GO_PHOTOTRANSDUCTION,0.6197139938712971,0.6276729559748427,0.4764044943820224,0.5490566037735849
769,GO_REGULATION_OF_LIGASE_ACTIVITY,0.6110316649642493,0.5647798742138365,0.45852911133810015,0.5647798742138365
770,GO_REGULATION_OF_OXIDOREDUCTASE_ACTIVITY,0.6140960163432073,0.5220125786163522,0.48835546475995917,0.479874213836478
771,GO_SULFATE_TRANSPORT,0.5727272727272726,0.5823899371069182,0.5,0.5
772,GO_RESPONSE_TO_FOOD,0.5556690500510726,0.4968553459119497,0.49785495403472924,0.5333333333333333
773,GO_REGULATION_OF_PROTEIN_INSERTION_INTO_MITOCHONDRIAL_MEMBRANE_INVOLVED_IN_APOPTOTIC_SIGNALING_PATHWAY,0.5606741573033707,0.6245283018867924,0.4943820224719101,0.49056603773584906
774,GO_TELOMERE_ORGANIZATION,0.6210418794688457,0.530188679245283,0.4709908069458631,0.4981132075471698
775,GO_IMMUNE_SYSTEM_DEVELOPMENT,0.6244126659856997,0.6622641509433962,0.529826353421859,0.5371069182389937
776,GO_CAMP_BIOSYNTHETIC_PROCESS,0.5549540347293156,0.4949685534591195,0.49009193054136874,0.5383647798742138
777,GO_ALPHA_AMINO_ACID_CATABOLIC_PROCESS,0.6173646578140961,0.5893081761006289,0.48723186925434114,0.510062893081761
778,GO_CELLULAR_COMPONENT_MAINTENANCE,0.5312563840653728,0.5477987421383648,0.4810010214504596,0.5333333333333333
779,GO_REGULATION_OF_CARDIAC_MUSCLE_CELL_CONTRACTION,0.6119509703779367,0.5062893081761006,0.4810010214504596,0.5572327044025157
780,GO_FC_GAMMA_RECEPTOR_SIGNALING_PATHWAY,0.660776302349336,0.5534591194968553,0.47231869254341163,0.4767295597484277
781,GO_RRNA_METABOLIC_PROCESS,0.6289070480081717,0.47547169811320755,0.474361593462717,0.49559748427672956
782,GO_RESPIRATORY_SYSTEM_PROCESS,0.5368743615934627,0.4716981132075472,0.5,0.5
783,GO_NEUROTRANSMITTER_TRANSPORT,0.6773237997957099,0.628930817610063,0.460776302349336,0.5383647798742138
784,GO_REGULATION_OF_T_HELPER_CELL_DIFFERENTIATION,0.5541368743615934,0.5264150943396226,0.4866189989785495,0.5572327044025157
785,GO_REGULATION_OF_VOLTAGE_GATED_CALCIUM_CHANNEL_ACTIVITY,0.6200204290091931,0.49559748427672956,0.4810010214504596,0.5572327044025157
786,GO_PH_REDUCTION,0.5567926455566906,0.5811320754716981,0.47538304392236974,0.5666666666666667
787,GO_POSITIVE_REGULATION_OF_TRIGLYCERIDE_LIPASE_ACTIVITY,0.5398365679264555,0.5572327044025157,0.4991828396322778,0.5666666666666667
788,GO_MONOSACCHARIDE_CATABOLIC_PROCESS,0.6041879468845761,0.4528301886792453,0.4844739530132789,0.5238993710691824
789,GO_POSITIVE_REGULATION_OF_MRNA_METABOLIC_PROCESS,0.5264555669050051,0.5477987421383648,0.4866189989785495,0.4811320754716981
790,GO_RESPONSE_TO_FUNGICIDE,0.5616956077630235,0.4716981132075472,0.49785495403472924,0.4716981132075472
791,GO_NEGATIVE_REGULATION_BY_HOST_OF_VIRAL_TRANSCRIPTION,0.5125638406537283,0.5238993710691824,0.5,0.5
792,GO_REGULATION_OF_EPIDERMAL_GROWTH_FACTOR_ACTIVATED_RECEPTOR_ACTIVITY,0.5605720122574055,0.5622641509433962,0.4879468845760981,0.5477987421383648
793,GO_PROTEIN_NEDDYLATION,0.5272727272727272,0.49056603773584906,0.4943820224719101,0.49056603773584906
794,GO_POTASSIUM_ION_HOMEOSTASIS,0.5388151174668029,0.5389937106918239,0.49009193054136874,0.5333333333333333
795,GO_HORMONE_TRANSPORT,0.6336057201225741,0.5924528301886792,0.5038815117466803,0.5490566037735849
796,GO_PROTEIN_CATABOLIC_PROCESS,0.6994892747701736,0.6509433962264151,0.43575076608784474,0.6106918238993712
797,GO_POSITIVE_REGULATION_OF_INTRACELLULAR_STEROID_HORMONE_RECEPTOR_SIGNALING_PATHWAY,0.5251276813074566,0.5666666666666667,0.47752808988764045,0.49056603773584906
798,GO_NEGATIVE_REGULATION_OF_MYOTUBE_DIFFERENTIATION,0.5573033707865168,0.529559748427673,0.4922369765066394,0.5666666666666667
799,GO_INORGANIC_ANION_TRANSPORT,0.7223697650663943,0.5471698113207547,0.4259448416751787,0.5383647798742138
800,GO_CARBOHYDRATE_PHOSPHORYLATION,0.5555669050051072,0.46226415094339623,0.49785495403472924,0.49056603773584906
801,GO_PROTEIN_IMPORT,0.6432073544433096,0.5251572327044025,0.4491317671092952,0.569811320754717
802,GO_NUCLEOSIDE_BISPHOSPHATE_METABOLIC_PROCESS,0.5996935648621042,0.5383647798742138,0.4810010214504596,0.5333333333333333
803,GO_REGULATION_OF_INTRACELLULAR_STEROID_HORMONE_RECEPTOR_SIGNALING_PATHWAY,0.5896833503575076,0.46226415094339623,0.4870275791624106,0.49559748427672956
804,GO_MAMMARY_GLAND_EPITHELIAL_CELL_DIFFERENTIATION,0.5687436159346272,0.5528301886792453,0.49785495403472924,0.4716981132075472
805,GO_CELLULAR_RESPONSE_TO_GAMMA_RADIATION,0.5424923391215526,0.5238993710691824,0.4866189989785495,0.49056603773584906
806,GO_REGULATION_OF_HEAT_GENERATION,0.5259448416751787,0.6333333333333333,0.4932584269662922,0.5477987421383648
807,GO_REGULATION_OF_FIBROBLAST_MIGRATION,0.6027579162410623,0.5283018867924528,0.45863125638406543,0.530188679245283
808,GO_INDUCTION_OF_POSITIVE_CHEMOTAXIS,0.5286006128702757,0.5238993710691824,0.5,0.5
809,GO_REGENERATION,0.6582226762002042,0.5433962264150943,0.48049029622063333,0.5157232704402516
810,GO_EXTRINSIC_APOPTOTIC_SIGNALING_PATHWAY,0.6616956077630235,0.5251572327044025,0.45965270684371806,0.6
811,GO_REGULATION_OF_TRANSLATIONAL_ELONGATION,0.5420837589376916,0.5144654088050314,0.48314606741573035,0.5333333333333333
812,GO_CELL_MATRIX_ADHESION,0.6957099080694586,0.6213836477987421,0.513993871297242,0.5811320754716981
813,GO_PITUITARY_GLAND_DEVELOPMENT,0.61317671092952,0.5981132075471698,0.4752808988764045,0.5477987421383648
814,GO_MATING,0.626762002042901,0.5427672955974843,0.4828396322778345,0.5622641509433962
815,GO_DEVELOPMENTAL_INDUCTION,0.5754851889683351,0.48553459119496856,0.47191011235955055,0.49056603773584906
816,GO_REGULATION_OF_TRANSFERASE_ACTIVITY,0.7040858018386107,0.5955974842767295,0.448314606741573,0.4880503144654088
817,GO_NEGATIVE_REGULATION_OF_ALCOHOL_BIOSYNTHETIC_PROCESS,0.5802860061287027,0.5157232704402516,0.47191011235955055,0.49056603773584906
818,GO_CHROMOSOME_SEPARATION,0.5755873340143003,0.44716981132075473,0.48968335035750765,0.5226415094339623
819,GO_GANGLIOSIDE_METABOLIC_PROCESS,0.5337078651685392,0.5050314465408805,0.5,0.5
820,GO_TISSUE_HOMEOSTASIS,0.6304392236976507,0.5874213836477987,0.467517875383044,0.5320754716981132
821,GO_ANTIGEN_PROCESSING_AND_PRESENTATION_VIA_MHC_CLASS_IB,0.5566905005107252,0.519496855345912,0.48733401430030643,0.5811320754716981
822,GO_GAMMA_AMINOBUTYRIC_ACID_SIGNALING_PATHWAY,0.6357507660878448,0.6610062893081762,0.4842696629213483,0.5477987421383648
823,GO_POSITIVE_REGULATION_OF_STEROL_TRANSPORT,0.559652706843718,0.5213836477987421,0.4801838610827375,0.5144654088050314
824,GO_ADAPTIVE_IMMUNE_RESPONSE_BASED_ON_SOMATIC_RECOMBINATION_OF_IMMUNE_RECEPTORS_BUILT_FROM_IMMUNOGLOBULIN_SUPERFAMILY_DOMAINS,0.6564862104187946,0.628930817610063,0.4703779366700715,0.6018867924528302
825,GO_CELL_CYCLE_ARREST,0.6442288049029622,0.49748427672955975,0.460776302349336,0.5528301886792453
826,GO_THYROID_HORMONE_METABOLIC_PROCESS,0.5467824310520939,0.49559748427672956,0.49785495403472924,0.49056603773584906
827,GO_APOPTOTIC_CELL_CLEARANCE,0.5961184882533197,0.540251572327044,0.4801838610827375,0.5666666666666667
828,GO_MODIFICATION_OF_MORPHOLOGY_OR_PHYSIOLOGY_OF_OTHER_ORGANISM,0.626046986721144,0.569811320754717,0.4559754851889683,0.5459119496855346
829,GO_RIBOSOME_ASSEMBLY,0.5272727272727272,0.5144654088050314,0.47538304392236974,0.4811320754716981
830,GO_NEGATIVE_REGULATION_OF_ACTIN_FILAMENT_DEPOLYMERIZATION,0.6372829417773237,0.6377358490566037,0.4887640449438202,0.4811320754716981
831,GO_DNA_LIGATION_INVOLVED_IN_DNA_REPAIR,0.5332992849846783,0.5245283018867924,0.5,0.5
832,GO_REGULATION_OF_CELL_JUNCTION_ASSEMBLY,0.6208375893769152,0.5150943396226415,0.48835546475995917,0.519496855345912
833,GO_HYPEROSMOTIC_RESPONSE,0.5671092951991829,0.4811320754716981,0.478855975485189,0.5572327044025157
834,GO_REGULATION_OF_SMAD_PROTEIN_IMPORT_INTO_NUCLEUS,0.5289070480081716,0.5911949685534591,0.4991828396322778,0.5333333333333333
835,GO_NEGATIVE_REGULATION_OF_NATURAL_KILLER_CELL_MEDIATED_IMMUNITY,0.5251276813074566,0.4811320754716981,0.5,0.5
836,GO_ARTERY_DEVELOPMENT,0.6403472931562819,0.5943396226415094,0.48110316649642487,0.569811320754717
837,GO_PROTEIN_DEALKYLATION,0.5934627170582227,0.49559748427672956,0.46976506639427984,0.4811320754716981
838,GO_NEGATIVE_REGULATION_OF_DENDRITE_MORPHOGENESIS,0.5357507660878448,0.5477987421383648,0.449438202247191,0.49559748427672956
839,GO_NEGATIVE_REGULATION_OF_TYPE_I_INTERFERON_PRODUCTION,0.5930541368743616,0.5427672955974843,0.4810010214504596,0.5050314465408805
840,GO_EXTRACELLULAR_MATRIX_ASSEMBLY,0.5540347293156282,0.5251572327044025,0.4625127681307456,0.5477987421383648
841,GO_POSTREPLICATION_REPAIR,0.596935648621042,0.5716981132075472,0.4810010214504596,0.4811320754716981
842,GO_SKELETAL_SYSTEM_DEVELOPMENT,0.7145045965270684,0.6157232704402517,0.4833503575076609,0.5823899371069183
843,GO_ORGANOPHOSPHATE_METABOLIC_PROCESS,0.6986721144024515,0.5710691823899371,0.46435137895812056,0.6075471698113207
844,GO_CARDIAC_MYOFIBRIL_ASSEMBLY,0.5930541368743616,0.5679245283018868,0.49785495403472924,0.49056603773584906
845,GO_REGULATION_OF_HEART_CONTRACTION,0.686006128702758,0.5874213836477987,0.4390194075587333,0.5522012578616352
846,GO_CELLULAR_AMINO_ACID_BIOSYNTHETIC_PROCESS,0.643003064351379,0.5622641509433962,0.4637385086823289,0.5647798742138365
847,GO_CRANIAL_NERVE_MORPHOGENESIS,0.6416751787538305,0.5207547169811321,0.48866189989785497,0.5389937106918239
848,GO_ACTIVATION_OF_JUN_KINASE_ACTIVITY,0.5843718079673136,0.5276729559748428,0.4707865168539325,0.5578616352201258
849,GO_REGULATION_OF_BROWN_FAT_CELL_DIFFERENTIATION,0.5658835546475995,0.4811320754716981,0.4879468845760981,0.49056603773584906
850,GO_FIBRIL_ORGANIZATION,0.6033707865168539,0.5207547169811321,0.48478038815117463,0.4477987421383648
851,GO_LONG_CHAIN_FATTY_ACID_METABOLIC_PROCESS,0.6812053115423902,0.6396226415094339,0.4756894790602656,0.5232704402515723
852,GO_MONOVALENT_INORGANIC_CATION_TRANSPORT,0.7433094994892748,0.6062893081761006,0.45168539325842694,0.5949685534591196
853,GO_RELAXATION_OF_CARDIAC_MUSCLE,0.5620020429009193,0.5289308176100629,0.5,0.5
854,GO_POSITIVE_REGULATION_OF_BEHAVIOR,0.5947906026557712,0.5490566037735849,0.5,0.5
855,GO_CALCIUM_MEDIATED_SIGNALING_USING_INTRACELLULAR_CALCIUM_SOURCE,0.5628192032686415,0.5289308176100629,0.4922369765066394,0.5333333333333333
856,GO_NEURAL_TUBE_DEVELOPMENT,0.6549540347293156,0.5716981132075472,0.42063329928498466,0.6477987421383647
857,GO_POLYSACCHARIDE_METABOLIC_PROCESS,0.5938712972420838,0.5528301886792453,0.49785495403472924,0.49056603773584906
858,GO_REGULATION_OF_INTRACELLULAR_SIGNAL_TRANSDUCTION,0.6817160367722166,0.5679245283018868,0.4888661899897855,0.5754716981132075
859,GO_CYCLIC_NUCLEOTIDE_METABOLIC_PROCESS,0.6607763023493362,0.5371069182389937,0.448314606741573,0.5383647798742138
860,GO_POSITIVE_REGULATION_OF_T_CELL_PROLIFERATION,0.5810010214504596,0.6320754716981133,0.48600612870275794,0.44716981132075473
861,GO_MULTICELLULAR_ORGANISMAL_MOVEMENT,0.6205311542390195,0.5742138364779874,0.5,0.5
862,GO_CLATHRIN_COAT_ASSEMBLY,0.54902962206333,0.5289308176100629,0.4810010214504596,0.49056603773584906
863,GO_NEGATIVE_REGULATION_OF_MEIOTIC_NUCLEAR_DIVISION,0.5208375893769153,0.5238993710691824,0.4810010214504596,0.5238993710691824
864,GO_VASCULAR_SMOOTH_MUSCLE_CELL_DIFFERENTIATION,0.5585291113381001,0.5006289308176101,0.5,0.5
865,GO_POSITIVE_REGULATION_OF_BIOSYNTHETIC_PROCESS,0.7061287027579162,0.6698113207547169,0.533197139938713,0.5220125786163522
866,GO_NEGATIVE_REGULATION_OF_NITROGEN_COMPOUND_METABOLIC_PROCESS,0.7068437180796732,0.6383647798742138,0.4487231869254341,0.5955974842767295
867,GO_DNA_INTEGRATION,0.5130745658835546,0.5383647798742138,0.4866189989785495,0.49056603773584906
868,GO_CELL_ACTIVATION,0.7008171603677222,0.5836477987421385,0.4449438202247191,0.5031446540880503
869,GO_REGULATION_OF_MYELINATION,0.5831460674157304,0.5433962264150943,0.4943820224719101,0.49056603773584906
870,GO_NEGATIVE_REGULATION_OF_JUN_KINASE_ACTIVITY,0.5412665985699694,0.5572327044025157,0.4925434116445352,0.48930817610062893
871,GO_REGULATION_OF_AXON_GUIDANCE,0.67170582226762,0.5786163522012578,0.45781409601634326,0.6056603773584905
872,GO_REGULATION_OF_DOPAMINE_SECRETION,0.5772216547497445,0.5383647798742138,0.48222676200204284,0.6044025157232704
873,GO_RESPONSE_TO_COPPER_ION,0.5637385086823289,0.519496855345912,0.4902962206332992,0.5157232704402516
874,GO_REGULATION_OF_CIRCADIAN_SLEEP_WAKE_CYCLE,0.6161389172625128,0.5490566037735849,0.4808988764044943,0.5144654088050314
875,GO_NEGATIVE_REGULATION_OF_CELLULAR_PROTEIN_CATABOLIC_PROCESS,0.609090909090909,0.4867924528301887,0.4991828396322778,0.5666666666666667
876,GO_REGULATION_OF_DOUBLE_STRAND_BREAK_REPAIR_VIA_HOMOLOGOUS_RECOMBINATION,0.5459652706843718,0.5528301886792453,0.49785495403472924,0.5238993710691824
877,GO_RESPONSE_TO_AXON_INJURY,0.6100102145045966,0.6767295597484277,0.4943820224719101,0.49056603773584906
878,GO_REGULATION_OF_VACUOLE_ORGANIZATION,0.5763023493360572,0.5144654088050314,0.478855975485189,0.4811320754716981
879,GO_CIRCADIAN_REGULATION_OF_GENE_EXPRESSION,0.6277834525025536,0.5930817610062893,0.4866189989785495,0.49056603773584906
880,GO_RETINOL_METABOLIC_PROCESS,0.5989785495403472,0.5893081761006289,0.49325842696629213,0.4811320754716981
881,GO_OXALOACETATE_METABOLIC_PROCESS,0.5433094994892748,0.49056603773584906,0.5,0.5
882,GO_NEGATIVE_REGULATION_OF_TUMOR_NECROSIS_FACTOR_MEDIATED_SIGNALING_PATHWAY,0.5580183861082737,0.46226415094339623,0.4943820224719101,0.4811320754716981
883,GO_NEGATIVE_REGULATION_OF_EXOCYTOSIS,0.5357507660878448,0.5622641509433962,0.473953013278856,0.5157232704402516
884,GO_INTRACELLULAR_STEROID_HORMONE_RECEPTOR_SIGNALING_PATHWAY,0.6443309499489274,0.4691823899371069,0.4727272727272727,0.5622641509433962
885,GO_REGULATION_OF_WNT_SIGNALING_PATHWAY,0.6516853932584269,0.5132075471698113,0.4288049029622063,0.5572327044025157
886,GO_NEGATIVE_REGULATION_OF_CELL_JUNCTION_ASSEMBLY,0.5928498467824311,0.5578616352201258,0.5,0.5
887,GO_ANTIGEN_PROCESSING_AND_PRESENTATION_OF_PEPTIDE_ANTIGEN,0.6594484167517876,0.6050314465408805,0.42819203268641465,0.5226415094339623
888,GO_HIPPO_SIGNALING,0.5921348314606742,0.5823899371069182,0.4710929519918283,0.5144654088050314
889,GO_NEGATIVE_REGULATION_OF_EPITHELIAL_TO_MESENCHYMAL_TRANSITION,0.5766087844739529,0.5823899371069182,0.5,0.5
890,GO_REGULATION_OF_MEMBRANE_DEPOLARIZATION,0.6146067415730336,0.6056603773584905,0.5,0.5
891,GO_AMINO_SUGAR_BIOSYNTHETIC_PROCESS,0.5216547497446373,0.49056603773584906,0.4943820224719101,0.5333333333333333
892,GO_REGULATION_OF_NERVOUS_SYSTEM_DEVELOPMENT,0.6435137895812053,0.5559748427672956,0.4979570990806946,0.60062893081761
893,GO_REGULATION_OF_ESTABLISHMENT_OF_PROTEIN_LOCALIZATION_TO_CHROMOSOME,0.5398365679264555,0.49056603773584906,0.48314606741573035,0.5238993710691824
894,GO_REGULATION_OF_CARDIAC_MUSCLE_CELL_DIFFERENTIATION,0.587946884576098,0.5716981132075472,0.49356486210418793,0.5238993710691824
895,GO_POSITIVE_REGULATION_OF_DIGESTIVE_SYSTEM_PROCESS,0.541164453524004,0.4811320754716981,0.5,0.5
896,GO_INTRINSIC_APOPTOTIC_SIGNALING_PATHWAY_IN_RESPONSE_TO_DNA_DAMAGE,0.6235955056179776,0.4716981132075472,0.45852911133810004,0.5144654088050314
897,GO_TETRAPYRROLE_BIOSYNTHETIC_PROCESS,0.5964249233912156,0.5924528301886792,0.4991828396322778,0.4811320754716981
898,GO_NUCLEOSIDE_PHOSPHATE_BIOSYNTHETIC_PROCESS,0.6436159346271705,0.4918238993710692,0.4506639427987742,0.5911949685534591
899,GO_PROTEIN_LIPID_COMPLEX_ASSEMBLY,0.5753830439223698,0.5251572327044025,0.4801838610827375,0.5144654088050314
900,GO_POSITIVE_REGULATION_OF_SODIUM_ION_TRANSPORT,0.5851889683350358,0.5220125786163522,0.49356486210418793,0.4811320754716981
901,GO_DETECTION_OF_OTHER_ORGANISM,0.5737487231869255,0.5490566037735849,0.4887640449438202,0.4716981132075472
902,GO_ESTABLISHMENT_OF_LOCALIZATION_IN_CELL,0.6616956077630235,0.6566037735849057,0.4664964249233912,0.6635220125786164
903,GO_G_PROTEIN_COUPLED_GLUTAMATE_RECEPTOR_SIGNALING_PATHWAY,0.5304392236976507,0.5289308176100629,0.4948927477017364,0.5144654088050314
904,GO_NEURAL_RETINA_DEVELOPMENT,0.5867211440245149,0.6081761006289308,0.48508682328907043,0.640251572327044
905,GO_CLEAVAGE_INVOLVED_IN_RRNA_PROCESSING,0.5264555669050051,0.5144654088050314,0.49785495403472924,0.5333333333333333
906,GO_REGULATION_OF_EXIT_FROM_MITOSIS,0.5355464759959141,0.5383647798742138,0.5,0.5
907,GO_FORELIMB_MORPHOGENESIS,0.6502553626149131,0.5849056603773585,0.4887640449438202,0.49056603773584906
908,GO_ASPARTATE_FAMILY_AMINO_ACID_BIOSYNTHETIC_PROCESS,0.561491317671093,0.5333333333333333,0.4776302349336057,0.5232704402515723
909,GO_MANGANESE_ION_TRANSPORT,0.5529111338100101,0.5622641509433962,0.47119509703779366,0.5383647798742138
910,GO_POSITIVE_REGULATION_OF_HISTONE_H3_K4_METHYLATION,0.5638406537282942,0.5144654088050314,0.4991828396322778,0.5333333333333333
911,GO_NEURON_PROJECTION_DEVELOPMENT,0.7040858018386109,0.5364779874213836,0.47415730337078654,0.5591194968553459
912,GO_MALE_GAMETE_GENERATION,0.7048008171603677,0.630817610062893,0.4645556690500511,0.6
913,GO_POSITIVE_REGULATION_OF_FIBROBLAST_MIGRATION,0.5593462717058222,0.5238993710691824,0.5,0.5
914,GO_NEGATIVE_REGULATION_OF_RESPONSE_TO_OXIDATIVE_STRESS,0.601532175689479,0.5257861635220126,0.5,0.5
915,GO_CHAPERONE_MEDIATED_PROTEIN_COMPLEX_ASSEMBLY,0.5564862104187948,0.4716981132075472,0.4810010214504596,0.5238993710691824
916,GO_ORGANELLE_TRANSPORT_ALONG_MICROTUBULE,0.5639427987742595,0.580503144654088,0.4823289070480081,0.5050314465408805
917,GO_CHONDROCYTE_DEVELOPMENT,0.5919305413687436,0.540251572327044,0.48365679264555667,0.5157232704402516
918,GO_MEMBRANE_RAFT_ORGANIZATION,0.5585291113381001,0.49559748427672956,0.48314606741573035,0.5333333333333333
919,GO_MITOTIC_SISTER_CHROMATID_SEGREGATION,0.626762002042901,0.5446540880503145,0.48478038815117463,0.46226415094339623
920,GO_MICROTUBULE_NUCLEATION,0.5395301327885598,0.6245283018867924,0.4943820224719101,0.5333333333333333
921,GO_ESTABLISHMENT_OF_PROTEIN_LOCALIZATION_TO_ORGANELLE,0.6579162410623085,0.5660377358490566,0.4160367722165475,0.6251572327044025
922,GO_NEGATIVE_REGULATION_OF_ACUTE_INFLAMMATORY_RESPONSE,0.5685393258426966,0.5383647798742138,0.5,0.5
923,GO_REGULATION_OF_SEQUESTERING_OF_CALCIUM_ION,0.6484167517875383,0.560377358490566,0.4334014300306436,0.5842767295597484
924,GO_REGULATION_OF_MEMBRANE_LIPID_METABOLIC_PROCESS,0.5034729315628191,0.4811320754716981,0.4879468845760981,0.49056603773584906
925,GO_XENOPHAGY,0.6560776302349336,0.5654088050314465,0.4612870275791624,0.5528301886792453
926,GO_DRUG_TRANSMEMBRANE_TRANSPORT,0.5862104187946884,0.5641509433962264,0.4943820224719101,0.5333333333333333
927,GO_POSITIVE_REGULATION_OF_MEMBRANE_DEPOLARIZATION,0.5526046986721144,0.5245283018867924,0.4914198161389173,0.5144654088050314
928,GO_MYD88_DEPENDENT_TOLL_LIKE_RECEPTOR_SIGNALING_PATHWAY,0.584167517875383,0.5169811320754717,0.46741573033707867,0.6383647798742138
929,GO_REGULATION_OF_PROTEIN_POLYMERIZATION,0.6635342185903984,0.5716981132075472,0.46312563840653725,0.5207547169811321
930,GO_REGULATION_OF_PROTEIN_TARGETING_TO_MEMBRANE,0.5396322778345249,0.5918238993710692,0.4943820224719101,0.5333333333333333
931,GO_KIDNEY_EPITHELIUM_DEVELOPMENT,0.6355464759959142,0.48930817610062893,0.48314606741573035,0.5238993710691824
932,GO_HISTONE_H2A_UBIQUITINATION,0.5499489274770174,0.5289308176100629,0.4943820224719101,0.4811320754716981
933,GO_TOOTH_MINERALIZATION,0.5559754851889683,0.5471698113207547,0.49264555669050053,0.5383647798742138
934,GO_REGULATION_OF_HAIR_CYCLE,0.5628192032686415,0.5050314465408805,0.49009193054136874,0.5666666666666667
935,GO_NEGATIVE_REGULATION_OF_BONE_REMODELING,0.5195097037793667,0.5572327044025157,0.49570990806945864,0.5238993710691824
936,GO_POSITIVE_REGULATION_OF_RECEPTOR_MEDIATED_ENDOCYTOSIS,0.6216547497446374,0.6270440251572327,0.4598569969356486,0.5811320754716981
937,GO_ESTABLISHMENT_OF_MITOTIC_SPINDLE_ORIENTATION,0.5506639427987743,0.5157232704402516,0.5,0.5
938,GO_POSITIVE_REGULATION_OF_PROTEIN_OLIGOMERIZATION,0.542696629213483,0.5528301886792453,0.49356486210418793,0.5238993710691824
939,GO_SPINDLE_CHECKPOINT,0.5738508682328907,0.5138364779874214,0.5,0.5
940,GO_POSITIVE_REGULATION_OF_STAT_CASCADE,0.6379979570990808,0.5050314465408805,0.48907048008171605,0.6069182389937107
941,GO_LEUKOTRIENE_BIOSYNTHETIC_PROCESS,0.5710929519918284,0.6169811320754717,0.5,0.5
942,GO_POSITIVE_REGULATION_OF_SUBSTRATE_ADHESION_DEPENDENT_CELL_SPREADING,0.5814096016343206,0.5559748427672956,0.4715015321756895,0.5452830188679245
943,GO_POSITIVE_REGULATION_OF_THYMOCYTE_AGGREGATION,0.538508682328907,0.4861635220125786,0.4810010214504596,0.5144654088050314
944,GO_CATECHOLAMINE_METABOLIC_PROCESS,0.6228804902962206,0.5408805031446541,0.4943820224719101,0.49056603773584906
945,GO_POSITIVE_REGULATION_OF_PROTEIN_COMPLEX_DISASSEMBLY,0.5502553626149133,0.5157232704402516,0.5,0.5
946,GO_BLASTOCYST_FORMATION,0.5702757916241061,0.5735849056603773,0.4914198161389173,0.5572327044025157
947,GO_REGULATION_OF_WATER_LOSS_VIA_SKIN,0.5943820224719102,0.6515723270440252,0.49570990806945864,0.5238993710691824
948,GO_NEGATIVE_REGULATION_OF_REGULATED_SECRETORY_PATHWAY,0.5269662921348315,0.5044025157232704,0.4866189989785495,0.46226415094339623
949,GO_CELL_DIFFERENTIATION_INVOLVED_IN_METANEPHROS_DEVELOPMENT,0.5528089887640448,0.5477987421383648,0.4866189989785495,0.5333333333333333
950,GO_POSITIVE_REGULATION_OF_ALCOHOL_BIOSYNTHETIC_PROCESS,0.5640449438202247,0.5572327044025157,0.5,0.5
951,GO_REGULATION_OF_EPITHELIAL_CELL_DIFFERENTIATION_INVOLVED_IN_KIDNEY_DEVELOPMENT,0.5574055158324821,0.5716981132075472,0.49570990806945864,0.49056603773584906
952,GO_MAGNESIUM_ION_TRANSPORT,0.541164453524004,0.49056603773584906,0.4943820224719101,0.49056603773584906
953,GO_PYRIMIDINE_RIBONUCLEOSIDE_METABOLIC_PROCESS,0.5649642492339122,0.4981132075471698,0.4810010214504596,0.49056603773584906
954,GO_PROTEIN_LOCALIZATION_TO_CENTROSOME,0.5195097037793667,0.5477987421383648,0.45638406537282944,0.5477987421383648
955,GO_POSITIVE_REGULATION_OF_B_CELL_PROLIFERATION,0.5578140960163432,0.5314465408805031,0.5,0.5
956,GO_POSITIVE_REGULATION_OF_ORGANELLE_ORGANIZATION,0.7028600612870276,0.6477987421383647,0.49162410623084773,0.5937106918238995
957,GO_MUSCLE_CELL_PROLIFERATION,0.5568947906026558,0.5911949685534591,0.49009193054136874,0.5333333333333333
958,GO_VENTRAL_SPINAL_CORD_INTERNEURON_SPECIFICATION,0.6301327885597549,0.5893081761006289,0.5,0.5
959,GO_AMINO_ACID_TRANSMEMBRANE_TRANSPORT,0.6284984678243104,0.6,0.4800817160367722,0.5490566037735849
960,GO_CELLULAR_RESPONSE_TO_ACID_CHEMICAL,0.6609805924412666,0.5660377358490567,0.44422880490296224,0.519496855345912
961,GO_PHAGOCYTOSIS_ENGULFMENT,0.5796731358529111,0.5477987421383648,0.49785495403472924,0.5477987421383648
962,GO_REGULATION_OF_TOLERANCE_INDUCTION,0.5573033707865168,0.519496855345912,0.4853932584269663,0.5044025157232704
963,GO_REGULATION_OF_CORTICOSTEROID_HORMONE_SECRETION,0.5382022471910113,0.5245283018867924,0.5,0.5
964,GO_CELLULAR_SENESCENCE,0.5572012257405516,0.5981132075471698,0.4703779366700715,0.6144654088050314
965,GO_SULFATION,0.5831460674157304,0.5811320754716981,0.4810010214504596,0.5333333333333333
966,GO_REGULATION_OF_MEIOTIC_CELL_CYCLE,0.6115423901940756,0.5628930817610063,0.4931562819203269,0.5893081761006289
967,GO_DNA_DEALKYLATION,0.5537282941777323,0.5314465408805031,0.49785495403472924,0.5333333333333333
968,GO_ACTIN_FILAMENT_BASED_MOVEMENT,0.643003064351379,0.5855345911949685,0.5009193054136875,0.5867924528301887
969,GO_POSITIVE_REGULATION_OF_EPITHELIAL_CELL_PROLIFERATION,0.6752808988764045,0.5144654088050314,0.4402451481103166,0.5132075471698113
970,GO_SARCOMERE_ORGANIZATION,0.6121552604698672,0.5383647798742138,0.4825331971399387,0.6018867924528302
971,GO_POSITIVE_REGULATION_OF_B_CELL_MEDIATED_IMMUNITY,0.5138917262512769,0.5572327044025157,0.4889683350357508,0.5823899371069182
972,GO_OVULATION_CYCLE,0.6634320735444331,0.5572327044025157,0.46976506639427984,0.5490566037735849
973,GO_NEGATIVE_REGULATION_OF_NITRIC_OXIDE_METABOLIC_PROCESS,0.5427987742594483,0.5477987421383648,0.497344228804903,0.5157232704402516
974,GO_VENTRICULAR_SYSTEM_DEVELOPMENT,0.5862104187946885,0.5188679245283019,0.449438202247191,0.49559748427672956
975,GO_ADULT_LOCOMOTORY_BEHAVIOR,0.6780388151174668,0.6220125786163523,0.49969356486210414,0.5289308176100629
976,GO_REGULATION_OF_ACTIVATED_T_CELL_PROLIFERATION,0.5790602655771194,0.5672955974842767,0.4842696629213483,0.5383647798742138
977,GO_POSITIVE_REGULATION_OF_HOMEOSTATIC_PROCESS,0.6758937691521961,0.6144654088050314,0.4563840653728294,0.4666666666666667
978,GO_RESPONSE_TO_GRAVITY,0.5528089887640448,0.5666666666666667,0.5,0.5
979,GO_REGULATION_OF_IMMUNOGLOBULIN_SECRETION,0.5320735444330951,0.5238993710691824,0.47752808988764045,0.5144654088050314
980,GO_ACETYL_COA_METABOLIC_PROCESS,0.567926455566905,0.5886792452830188,0.4922369765066394,0.49056603773584906
981,GO_CREATINE_METABOLIC_PROCESS,0.5390194075587335,0.44339622641509435,0.5,0.5
982,GO_REGULATION_OF_CELLULAR_COMPONENT_BIOGENESIS,0.6847803881511747,0.6176100628930818,0.4764044943820225,0.5257861635220126
983,GO_POSITIVE_REGULATION_OF_MACROPHAGE_DERIVED_FOAM_CELL_DIFFERENTIATION,0.6160367722165475,0.5339622641509434,0.5,0.5
984,GO_IRON_ION_TRANSPORT,0.5812053115423902,0.5415094339622641,0.47752808988764045,0.49056603773584906
985,GO_REGULATION_OF_RECEPTOR_BINDING,0.5537282941777323,0.5050314465408805,0.4922369765066394,0.5666666666666667
986,GO_POSITIVE_REGULATION_OF_POTASSIUM_ION_TRANSPORT,0.6132788559754851,0.5433962264150943,0.49570990806945864,0.49056603773584906
987,GO_POSITIVE_REGULATION_OF_NERVOUS_SYSTEM_DEVELOPMENT,0.706026557711951,0.5490566037735849,0.44749744637385086,0.6345911949685534
988,GO_REGULATION_OF_CARDIAC_MUSCLE_CELL_PROLIFERATION,0.5940755873340144,0.5842767295597484,0.49785495403472924,0.49056603773584906
989,GO_CELLULAR_RESPONSE_TO_OXYGEN_CONTAINING_COMPOUND,0.629417773237998,0.5157232704402516,0.44014300306435133,0.5283018867924528
990,GO_REGULATION_OF_INTERLEUKIN_10_SECRETION,0.5307456588355465,0.5811320754716981,0.49785495403472924,0.4861635220125786
991,GO_REGULATION_OF_LAMELLIPODIUM_ASSEMBLY,0.5388151174668029,0.49559748427672956,0.4947906026557712,0.4949685534591195
992,GO_CELLULAR_KETONE_METABOLIC_PROCESS,0.6247191011235955,0.5,0.4887640449438202,0.49559748427672956
993,GO_CRANIAL_NERVE_DEVELOPMENT,0.6220633299284984,0.5823899371069182,0.48866189989785497,0.5389937106918239
994,GO_WNT_SIGNALING_PATHWAY_CALCIUM_MODULATING_PATHWAY,0.5737487231869255,0.5339622641509434,0.47191011235955055,0.4811320754716981
995,GO_EPIDERMAL_GROWTH_FACTOR_RECEPTOR_SIGNALING_PATHWAY,0.6390194075587334,0.5383647798742138,0.44412665985699695,0.519496855345912
996,GO_CELL_PROLIFERATION_IN_FOREBRAIN,0.6130745658835546,0.5389937106918239,0.4676200204290092,0.5333333333333333
997,GO_RESPONSE_TO_MURAMYL_DIPEPTIDE,0.5696629213483146,0.5477987421383648,0.4983656792645556,0.4861635220125786
998,GO_REGULATION_OF_POSITIVE_CHEMOTAXIS,0.5502553626149133,0.49559748427672956,0.4867211440245148,0.5314465408805031
999,GO_REGULATION_OF_IMMUNE_RESPONSE,0.7046986721144026,0.5672955974842767,0.45485188968335033,0.6081761006289308
1000,GO_NEGATIVE_REGULATION_OF_NOTCH_SIGNALING_PATHWAY,0.5524004085801838,0.5333333333333333,0.47752808988764045,0.4811320754716981
1001,GO_MEMBRANE_LIPID_CATABOLIC_PROCESS,0.5463738508682329,0.5276729559748428,0.4810010214504596,0.4811320754716981
1002,GO_POSITIVE_REGULATION_OF_NEUROBLAST_PROLIFERATION,0.5943820224719102,0.6050314465408805,0.49785495403472924,0.4716981132075472
1003,GO_CARTILAGE_MORPHOGENESIS,0.509090909090909,0.5333333333333333,0.5,0.5
1004,GO_PEPTIDE_SECRETION,0.6134831460674157,0.6207547169811322,0.4645556690500511,0.5050314465408805
1005,GO_THIOESTER_METABOLIC_PROCESS,0.6104187946884576,0.5566037735849056,0.49938712972420835,0.5647798742138365
1006,GO_NEGATIVE_REGULATION_OF_INTRINSIC_APOPTOTIC_SIGNALING_PATHWAY_IN_RESPONSE_TO_DNA_DAMAGE,0.5636363636363636,0.5572327044025157,0.4844739530132789,0.5238993710691824
1007,GO_REGULATION_OF_T_HELPER_2_CELL_DIFFERENTIATION,0.5195097037793667,0.49056603773584906,0.4887640449438202,0.5238993710691824
1008,GO_NEGATIVE_REGULATION_OF_CELLULAR_AMIDE_METABOLIC_PROCESS,0.5771195097037792,0.5735849056603773,0.45454545454545453,0.529559748427673
1009,GO_PURINE_RIBONUCLEOSIDE_BISPHOSPHATE_METABOLIC_PROCESS,0.5522982635342186,0.5477987421383648,0.4810010214504596,0.5333333333333333
1010,GO_PEPTIDYL_CYSTEINE_MODIFICATION,0.5117466802860061,0.49056603773584906,0.4943820224719101,0.49056603773584906
1011,GO_LEUKOCYTE_DIFFERENTIATION,0.7119509703779366,0.7044025157232705,0.4475995914198161,0.610691823899371
1012,GO_RESPONSE_TO_EXOGENOUS_DSRNA,0.589070480081716,0.5509433962264151,0.4879468845760981,0.5578616352201258
1013,GO_MORPHOGENESIS_OF_EMBRYONIC_EPITHELIUM,0.6552604698672114,0.5610062893081761,0.45730337078651695,0.5522012578616352
1014,GO_SKELETAL_MUSCLE_CONTRACTION,0.5770173646578142,0.5647798742138365,0.4922369765066394,0.5144654088050314
1015,GO_POSITIVE_REGULATION_OF_HORMONE_METABOLIC_PROCESS,0.5704800817160368,0.6,0.49570990806945864,0.5050314465408805
1016,GO_TONGUE_DEVELOPMENT,0.6251276813074566,0.6050314465408805,0.48314606741573035,0.49056603773584906
1017,GO_BONE_GROWTH,0.5590398365679266,0.4767295597484277,0.4866189989785495,0.5333333333333333
1018,GO_ACTIN_POLYMERIZATION_OR_DEPOLYMERIZATION,0.598467824310521,0.5207547169811321,0.4651685393258427,0.5144654088050314
1019,GO_UV_PROTECTION,0.517364657814096,0.49056603773584906,0.4732379979570991,0.49056603773584906
1020,GO_PROTEIN_MODIFICATION_BY_SMALL_PROTEIN_REMOVAL,0.5825331971399388,0.590566037735849,0.4704800817160368,0.5125786163522013
1021,GO_REGULATION_OF_NITRIC_OXIDE_BIOSYNTHETIC_PROCESS,0.6617977528089887,0.5226415094339623,0.4850868232890705,0.5572327044025157
1022,GO_PHOSPHATIDYLGLYCEROL_METABOLIC_PROCESS,0.5976506639427988,0.4981132075471698,0.4879468845760981,0.49056603773584906
1023,GO_PYRIMIDINE_NUCLEOSIDE_BIOSYNTHETIC_PROCESS,0.5181818181818182,0.49056603773584906,0.4887640449438202,0.5333333333333333
1024,GO_TRANSLATIONAL_TERMINATION,0.5433094994892748,0.49559748427672956,0.46741573033707867,0.590566037735849
1025,GO_CYTOKINETIC_PROCESS,0.5181818181818182,0.5238993710691824,0.4943820224719101,0.6
1026,GO_ENDOCARDIAL_CUSHION_MORPHOGENESIS,0.5545454545454546,0.5666666666666667,0.46976506639427984,0.5238993710691824
1027,GO_REGULATION_OF_INNATE_IMMUNE_RESPONSE,0.6329928498467825,0.5515723270440251,0.4395301327885598,0.5125786163522013
1028,GO_VESICLE_MEDIATED_TRANSPORT,0.645658835546476,0.6207547169811322,0.4926455566905005,0.5628930817610063
1029,GO_INTERLEUKIN_1_PRODUCTION,0.5662921348314607,0.49056603773584906,0.4801838610827375,0.5144654088050314
1030,GO_MODULATION_BY_HOST_OF_VIRAL_PROCESS,0.5470888661899898,0.5572327044025157,0.4943820224719101,0.49056603773584906
1031,GO_REGULATION_OF_DNA_REPAIR,0.6204290091930542,0.5132075471698113,0.4828396322778345,0.5792452830188679
1032,GO_REGULATION_OF_MEMBRANE_LIPID_DISTRIBUTION,0.6071501532175689,0.5955974842767295,0.4879468845760981,0.4811320754716981
1033,GO_REFLEX,0.5660878447395301,0.5578616352201258,0.4863125638406537,0.5144654088050314
1034,GO_LEUKOCYTE_MEDIATED_IMMUNITY,0.6627170582226761,0.5773584905660377,0.41736465781409593,0.6176100628930817
1035,GO_ORGANOPHOSPHATE_BIOSYNTHETIC_PROCESS,0.6723186925434117,0.5698113207547171,0.4241062308478038,0.6
1036,GO_NEGATIVE_REGULATION_OF_SERINE_TYPE_PEPTIDASE_ACTIVITY,0.5572012257405516,0.590566037735849,0.4866189989785495,0.49056603773584906
1037,GO_PROTEIN_LOCALIZATION_TO_CELL_PERIPHERY,0.6508682328907048,0.6238993710691825,0.49223697650663945,0.5251572327044025
1038,GO_REGULATION_OF_PROTEIN_GLYCOSYLATION,0.5251276813074566,0.5050314465408805,0.48314606741573035,0.4811320754716981
1039,GO_NEGATIVE_REGULATION_OF_FIBROBLAST_PROLIFERATION,0.5759959141981614,0.5679245283018868,0.48314606741573035,0.4811320754716981
1040,GO_REGULATION_OF_MUSCLE_TISSUE_DEVELOPMENT,0.6651685393258426,0.5471698113207547,0.4514811031664965,0.5283018867924528
1041,GO_ORGANIC_ACID_BIOSYNTHETIC_PROCESS,0.634729315628192,0.5062893081761006,0.4420837589376915,0.4987421383647799
1042,GO_NEGATIVE_REGULATION_OF_DNA_DEPENDENT_DNA_REPLICATION,0.5320735444330951,0.5238993710691824,0.49570990806945864,0.5333333333333333
1043,GO_REGULATION_OF_LEUKOCYTE_MIGRATION,0.6749744637385086,0.4987421383647799,0.43922369765066394,0.569811320754717
1044,GO_ORGAN_MATURATION,0.6101123595505618,0.5723270440251572,0.47191011235955055,0.49056603773584906
1045,GO_REGULATION_OF_CELLULAR_RESPONSE_TO_HEAT,0.6319713993871297,0.5144654088050314,0.4863125638406537,0.5050314465408805
1046,GO_POSITIVE_REGULATION_OF_ACUTE_INFLAMMATORY_RESPONSE,0.5719101123595505,0.5245283018867924,0.48529111338100095,0.5622641509433962
1047,GO_GASTRULATION_WITH_MOUTH_FORMING_SECOND,0.612461695607763,0.5339622641509434,0.4879468845760981,0.5238993710691824
1048,GO_ENDOCARDIUM_DEVELOPMENT,0.5609805924412666,0.6245283018867924,0.47752808988764045,0.4811320754716981
1049,GO_ENDOTHELIAL_CELL_DIFFERENTIATION,0.6183861082737487,0.540251572327044,0.4473953013278855,0.5031446540880503
1050,GO_NEGATIVE_REGULATION_OF_CELLULAR_PROTEIN_LOCALIZATION,0.6371807967313585,0.5610062893081761,0.46251276813074566,0.5647798742138365
1051,GO_INSEMINATION,0.5286006128702757,0.5050314465408805,0.4710929519918283,0.5572327044025157
1052,GO_REGULATION_OF_NUCLEOBASE_CONTAINING_COMPOUND_TRANSPORT,0.5524004085801838,0.5333333333333333,0.5,0.5
1053,GO_PHOSPHATIDYLINOSITOL_3_PHOSPHATE_BIOSYNTHETIC_PROCESS,0.5940755873340142,0.5937106918238994,0.4866189989785495,0.46226415094339623
1054,GO_CYCLIC_NUCLEOTIDE_CATABOLIC_PROCESS,0.5682328907048009,0.5572327044025157,0.47732379979571,0.5050314465408805
1055,GO_RESPONSE_TO_EPIDERMAL_GROWTH_FACTOR,0.5808988764044942,0.5226415094339623,0.4922369765066394,0.5333333333333333
1056,GO_POSITIVE_REGULATION_OF_TRANSMEMBRANE_TRANSPORT,0.6881511746680287,0.6213836477987421,0.4443309499489275,0.6150943396226415
1057,GO_REGULATION_OF_NUCLEOTIDE_CATABOLIC_PROCESS,0.5831460674157304,0.5050314465408805,0.4987742594484167,0.5654088050314465
1058,GO_POSITIVE_REGULATION_OF_CARBOHYDRATE_METABOLIC_PROCESS,0.635444330949949,0.5075471698113208,0.4715015321756894,0.48553459119496856
1059,GO_WNT_SIGNALING_PATHWAY,0.6987742594484168,0.549685534591195,0.44698672114402455,0.5861635220125786
1060,GO_REGULATION_OF_NEUROTRANSMITTER_LEVELS,0.6506639427987742,0.6446540880503144,0.4457609805924413,0.6094339622641509
1061,GO_POSITIVE_REGULATION_OF_STRESS_ACTIVATED_PROTEIN_KINASE_SIGNALING_CASCADE,0.6414708886618998,0.5477987421383648,0.4244126659856997,0.6182389937106918
1062,GO_PEPTIDYL_ARGININE_MODIFICATION,0.5856996935648621,0.5050314465408805,0.5,0.5
1063,GO_SPECIFICATION_OF_ORGAN_IDENTITY,0.5740551583248212,0.5144654088050314,0.4943820224719101,0.49056603773584906
1064,GO_REGULATION_OF_CELLULAR_AMINE_METABOLIC_PROCESS,0.6283963227783452,0.5157232704402516,0.4844739530132789,0.5666666666666667
1065,GO_RRNA_TRANSCRIPTION,0.53585291113381,0.590566037735849,0.4922369765066394,0.49056603773584906
1066,GO_POSITIVE_REGULATION_OF_LIPID_TRANSPORT,0.5731358529111339,0.620754716981132,0.49438202247191015,0.5716981132075472
1067,GO_ANATOMICAL_STRUCTURE_ARRANGEMENT,0.5854954034729316,0.48050314465408805,0.5,0.5
1068,GO_EPITHELIAL_TO_MESENCHYMAL_TRANSITION,0.6332992849846782,0.5088050314465409,0.49009193054136874,0.5333333333333333
1069,GO_PATHWAY_RESTRICTED_SMAD_PROTEIN_PHOSPHORYLATION,0.5342185903983656,0.5050314465408805,0.47191011235955055,0.49056603773584906
1070,GO_SINGLE_ORGANISM_MEMBRANE_BUDDING,0.5982635342185902,0.6031446540880503,0.43411644535240046,0.5767295597484277
1071,GO_NEGATIVE_REGULATION_OF_MAPK_CASCADE,0.6419816138917263,0.5119496855345912,0.45975485188968335,0.5735849056603773
1072,GO_SPONGIOTROPHOBLAST_LAYER_DEVELOPMENT,0.5439223697650664,0.5320754716981132,0.4922369765066394,0.5333333333333333
1073,GO_NEGATIVE_REGULATION_OF_NERVOUS_SYSTEM_DEVELOPMENT,0.6975485188968336,0.608805031446541,0.41052093973442294,0.520125786163522
1074,GO_HISTONE_H2A_MONOUBIQUITINATION,0.539632277834525,0.5477987421383648,0.49356486210418793,0.4528301886792453
1075,GO_REGULATION_OF_EXTRACELLULAR_MATRIX_ORGANIZATION,0.5635342185903983,0.5471698113207547,0.46864147088866187,0.519496855345912
1076,GO_CELL_DIFFERENTIATION_IN_SPINAL_CORD,0.5969356486210419,0.6094339622641509,0.4825331971399387,0.48050314465408805
1077,GO_MITOTIC_G2_M_TRANSITION_CHECKPOINT,0.5660878447395301,0.5138364779874214,0.4943820224719101,0.49056603773584906
1078,GO_POSITIVE_REGULATION_OF_INTERLEUKIN_8_SECRETION,0.5459652706843718,0.5572327044025157,0.478855975485189,0.5477987421383648
1079,GO_PYRIMIDINE_NUCLEOBASE_METABOLIC_PROCESS,0.5723186925434116,0.4981132075471698,0.4887640449438202,0.5333333333333333
1080,GO_RNA_METHYLATION,0.580388151174668,0.5528301886792453,0.4870275791624106,0.5245283018867924
1081,GO_PURINE_CONTAINING_COMPOUND_SALVAGE,0.5433094994892748,0.4716981132075472,0.5,0.5
1082,GO_INNER_EAR_RECEPTOR_STEREOCILIUM_ORGANIZATION,0.5674157303370787,0.5716981132075472,0.4806945863125638,0.5622641509433962
1083,GO_NEGATIVE_REGULATION_OF_CATION_TRANSMEMBRANE_TRANSPORT,0.5896833503575077,0.610691823899371,0.4602655771195098,0.5383647798742138
1084,GO_REGULATION_OF_PHOSPHOLIPID_METABOLIC_PROCESS,0.6689479060265577,0.6150943396226416,0.46598569969356485,0.5477987421383648
1085,GO_NEGATIVE_REGULATION_OF_CYTOPLASMIC_TRANSPORT,0.6390194075587333,0.6358490566037736,0.4497446373850868,0.5861635220125786
1086,GO_POSITIVE_REGULATION_OF_CELLULAR_RESPONSE_TO_TRANSFORMING_GROWTH_FACTOR_BETA_STIMULUS,0.6020429009193053,0.47861635220125787,0.5,0.5
1087,GO_AXON_REGENERATION,0.5909090909090908,0.5490566037735849,0.4943820224719101,0.49056603773584906
1088,GO_MICROTUBULE_BASED_PROCESS,0.7030643513789582,0.6440251572327045,0.4821246169560776,0.5314465408805031
1089,GO_CALCIUM_MEDIATED_SIGNALING,0.6697650663942798,0.5628930817610063,0.4983656792645556,0.49559748427672956
1090,GO_LOW_DENSITY_LIPOPROTEIN_PARTICLE_CLEARANCE,0.6084780388151174,0.550314465408805,0.4970377936670072,0.5572327044025157
1091,GO_SPERM_MOTILITY,0.6632277834525024,0.549685534591195,0.4781409601634321,0.6314465408805031
1092,GO_NEGATIVE_REGULATION_OF_SEQUENCE_SPECIFIC_DNA_BINDING_TRANSCRIPTION_FACTOR_ACTIVITY,0.6700715015321757,0.5238993710691824,0.4642492339121552,0.6232704402515723
1093,GO_NEGATIVE_REGULATION_OF_PROTEIN_CATABOLIC_PROCESS,0.6366700715015323,0.559748427672956,0.4879468845760981,0.5238993710691824
1094,GO_CELLULAR_AMINO_ACID_METABOLIC_PROCESS,0.7044943820224718,0.5874213836477988,0.4884576098059244,0.6081761006289308
1095,GO_POSITIVE_REGULATION_OF_DNA_BINDING,0.5876404494382022,0.5490566037735849,0.4914198161389173,0.4811320754716981
1096,GO_NUCLEOTIDE_TRANSPORT,0.5286006128702757,0.49056603773584906,0.49356486210418793,0.5490566037735849
1097,GO_REGULATION_OF_HAIR_FOLLICLE_DEVELOPMENT,0.5722165474974463,0.5647798742138365,0.49009193054136874,0.5666666666666667
1098,GO_CRISTAE_FORMATION,0.5342185903983656,0.5333333333333333,0.4887640449438202,0.49056603773584906
1099,GO_SYNAPTIC_VESICLE_RECYCLING,0.541164453524004,0.5572327044025157,0.4844739530132789,0.5666666666666667
1100,GO_POSITIVE_REGULATION_OF_NUCLEOSIDE_METABOLIC_PROCESS,0.5938712972420838,0.580503144654088,0.47191011235955055,0.5238993710691824
1101,GO_DORSAL_VENTRAL_PATTERN_FORMATION,0.6689479060265577,0.659119496855346,0.4583248212461696,0.5314465408805031
1102,GO_REGULATION_OF_VITAMIN_METABOLIC_PROCESS,0.556179775280899,0.5238993710691824,0.4943820224719101,0.49056603773584906
1103,GO_AEROBIC_RESPIRATION,0.5278855975485188,0.4716981132075472,0.4703779366700715,0.5238993710691824
1104,GO_CELLULAR_RESPONSE_TO_INSULIN_STIMULUS,0.602247191011236,0.5748427672955975,0.4292134831460674,0.5339622641509434
1105,GO_SEQUESTERING_OF_METAL_ION,0.5243105209397344,0.5050314465408805,0.49785495403472924,0.5333333333333333
1106,GO_COPPER_ION_TRANSPORT,0.5620020429009193,0.5622641509433962,0.47752808988764045,0.5238993710691824
1107,GO_MEMBRANE_ASSEMBLY,0.5527068437180798,0.5415094339622641,0.4844739530132789,0.5572327044025157
1108,GO_REGULATION_OF_DNA_DAMAGE_RESPONSE_SIGNAL_TRANSDUCTION_BY_P53_CLASS_MEDIATOR,0.5756894790602655,0.5477987421383648,0.5,0.5
1109,GO_LIPID_DIGESTION,0.5813074565883555,0.580503144654088,0.4887640449438202,0.5238993710691824
1110,GO_POSITIVE_REGULATION_OF_CELLULAR_COMPONENT_ORGANIZATION,0.7045965270684371,0.6761006289308176,0.476608784473953,0.5679245283018868
1111,GO_POSITIVE_REGULATION_OF_G1_S_TRANSITION_OF_MITOTIC_CELL_CYCLE,0.5574055158324822,0.590566037735849,0.4844739530132789,0.5144654088050314
1112,GO_POSITIVE_REGULATION_OF_GENE_EXPRESSION,0.7027579162410622,0.5622641509433962,0.48478038815117463,0.5276729559748428
1113,GO_NEUROMUSCULAR_PROCESS_CONTROLLING_BALANCE,0.5759959141981614,0.5314465408805031,0.4545454545454546,0.5836477987421383
1114,GO_ORGAN_OR_TISSUE_SPECIFIC_IMMUNE_RESPONSE,0.5591419816138917,0.48930817610062893,0.49356486210418793,0.5238993710691824
1115,GO_REGULATION_OF_CARDIAC_MUSCLE_CONTRACTION_BY_REGULATION_OF_THE_RELEASE_OF_SEQUESTERED_CALCIUM_ION,0.5529111338100101,0.5383647798742138,0.5,0.5
1116,GO_NEGATIVE_REGULATION_OF_ORGANELLE_ASSEMBLY,0.596629213483146,0.6050314465408805,0.46629213483146065,0.5238993710691824
1117,GO_RESPONSE_TO_INTERFERON_BETA,0.5286006128702757,0.49056603773584906,0.478855975485189,0.5572327044025157
1118,GO_REGULATION_OF_ORGAN_FORMATION,0.5566905005107252,0.590566037735849,0.4858018386108274,0.5144654088050314
1119,GO_FOREBRAIN_DEVELOPMENT,0.6873340143003064,0.610691823899371,0.4443309499489274,0.6194968553459119
1120,GO_RHODOPSIN_MEDIATED_SIGNALING_PATHWAY,0.5649642492339122,0.5144654088050314,0.4887640449438202,0.4811320754716981
1121,GO_ACTIVATION_OF_CYSTEINE_TYPE_ENDOPEPTIDASE_ACTIVITY,0.629417773237998,0.5207547169811321,0.4920326864147089,0.6069182389937107
1122,GO_REGULATION_OF_MESONEPHROS_DEVELOPMENT,0.5697650663942798,0.5050314465408805,0.49009193054136874,0.5238993710691824
1123,GO_CARBOHYDRATE_DERIVATIVE_METABOLIC_PROCESS,0.7014300306435137,0.48930817610062893,0.473953013278856,0.5610062893081761
1124,GO_REGULATION_OF_CHROMATIN_BINDING,0.5771195097037792,0.5477987421383648,0.4887640449438202,0.49056603773584906
1125,GO_STEM_CELL_PROLIFERATION,0.625638406537283,0.5679245283018868,0.4704800817160368,0.5207547169811321
1126,GO_NAD_METABOLIC_PROCESS,0.6073544433094995,0.44716981132075473,0.47323799795709903,0.6477987421383647
1127,GO_REGULATION_OF_EXTRACELLULAR_MATRIX_ASSEMBLY,0.5415730337078651,0.5144654088050314,0.4983656792645556,0.4861635220125786
1128,GO_PROTEIN_LOCALIZATION_TO_LYSOSOME,0.5478038815117466,0.5245283018867924,0.4866189989785495,0.49056603773584906
1129,GO_MRNA_MODIFICATION,0.5732379979570991,0.6333333333333333,0.4991828396322778,0.5144654088050314
1130,GO_SOMATIC_DIVERSIFICATION_OF_IMMUNOGLOBULINS,0.561899897854954,0.5622641509433962,0.4866189989785495,0.5333333333333333
1131,GO_ERBB2_SIGNALING_PATHWAY,0.595097037793667,0.46037735849056605,0.4853932584269663,0.5050314465408805
1132,GO_AMEBOIDAL_TYPE_CELL_MIGRATION,0.6839632277834524,0.5754716981132075,0.45587334014300307,0.5911949685534592
1133,GO_HEMATOPOIETIC_STEM_CELL_DIFFERENTIATION,0.5906026557711951,0.4528301886792453,0.4732379979570991,0.49056603773584906
1134,GO_SPINAL_CORD_MOTOR_NEURON_DIFFERENTIATION,0.6402451481103166,0.6113207547169811,0.5,0.5
1135,GO_MONOCARBOXYLIC_ACID_METABOLIC_PROCESS,0.6876404494382022,0.6232704402515723,0.44239019407558733,0.6144654088050315
1136,GO_CELLULAR_RESPONSE_TO_TOPOLOGICALLY_INCORRECT_PROTEIN,0.629417773237998,0.5163522012578616,0.45791624106230844,0.5037735849056604
1137,GO_AMINOGLYCAN_BIOSYNTHETIC_PROCESS,0.6430030643513789,0.5364779874213836,0.4642492339121553,0.5735849056603773
1138,GO_DICARBOXYLIC_ACID_METABOLIC_PROCESS,0.63585291113381,0.5553459119496855,0.4919305413687436,0.45723270440251573
1139,GO_NEGATIVE_REGULATION_OF_ASTROCYTE_DIFFERENTIATION,0.555873340143003,0.5427672955974843,0.4943820224719101,0.5333333333333333
1140,GO_POSITIVE_REGULATION_OF_PROTEASOMAL_PROTEIN_CATABOLIC_PROCESS,0.6363636363636364,0.5088050314465409,0.48549540347293163,0.5477987421383648
1141,GO_REGULATION_OF_ENERGY_HOMEOSTASIS,0.5669050051072524,0.590566037735849,0.48845760980592445,0.5050314465408805
1142,GO_REGULATION_OF_MEMBRANE_POTENTIAL,0.6893769152196119,0.6572327044025158,0.5171603677221656,0.6672955974842768
1143,GO_POSITIVE_REGULATION_OF_RELEASE_OF_CYTOCHROME_C_FROM_MITOCHONDRIA,0.5160367722165474,0.5383647798742138,0.4943820224719101,0.49056603773584906
1144,GO_PEPTIDYL_PROLINE_HYDROXYLATION,0.5493360572012257,0.4811320754716981,0.47752808988764045,0.5144654088050314
1145,GO_MULTICELLULAR_ORGANISMAL_RESPONSE_TO_STRESS,0.6818181818181819,0.5849056603773585,0.48876404494382014,0.5578616352201258
1146,GO_NEGATIVE_REGULATION_OF_SMALL_GTPASE_MEDIATED_SIGNAL_TRANSDUCTION,0.6096016343207354,0.6968553459119496,0.46414708886618994,0.5238993710691824
1147,GO_ESTABLISHMENT_OF_LOCALIZATION_BY_MOVEMENT_ALONG_MICROTUBULE,0.6154239019407559,0.6257861635220126,0.4582226762002043,0.5528301886792453
1148,GO_AMINO_ACID_BETAINE_TRANSPORT,0.5649642492339122,0.5050314465408805,0.4943820224719101,0.5333333333333333
1149,GO_AMMONIUM_TRANSMEMBRANE_TRANSPORT,0.6314606741573033,0.47547169811320755,0.4914198161389173,0.5666666666666667
1150,GO_REGULATION_OF_GROWTH,0.6949948927477017,0.6012578616352201,0.47466802860061286,0.5930817610062893
1151,GO_CATION_TRANSPORT,0.6868232890704802,0.5106918238993711,0.4757916241062309,0.5408805031446541
1152,GO_GABAERGIC_NEURON_DIFFERENTIATION,0.5593462717058222,0.5572327044025157,0.4887640449438202,0.5238993710691824
1153,GO_MACROAUTOPHAGY,0.726762002042901,0.5383647798742138,0.45975485188968335,0.579874213836478
1154,GO_FATTY_ACID_BETA_OXIDATION_USING_ACYL_COA_DEHYDROGENASE,0.5438202247191012,0.5144654088050314,0.4943820224719101,0.49056603773584906
1155,GO_MEMBRANE_DOCKING,0.591726251276813,0.4861635220125786,0.46853932584269664,0.4811320754716981
1156,GO_EXCITATORY_POSTSYNAPTIC_POTENTIAL,0.616956077630235,0.5723270440251572,0.4887640449438202,0.49056603773584906
1157,GO_GLUTAMINE_FAMILY_AMINO_ACID_METABOLIC_PROCESS,0.6145045965270685,0.560377358490566,0.47752808988764045,0.5069182389937107
1158,GO_REGULATION_OF_NUCLEASE_ACTIVITY,0.5320735444330951,0.5050314465408805,0.4943820224719101,0.49056603773584906
1159,GO_RESPONSE_TO_INORGANIC_SUBSTANCE,0.6866189989785496,0.5566037735849056,0.48794688457609803,0.6251572327044026
1160,GO_NEGATIVE_REGULATION_OF_HISTONE_ACETYLATION,0.5160367722165474,0.4716981132075472,0.4931562819203269,0.5383647798742138
1161,GO_PHAGOLYSOSOME_ASSEMBLY,0.5170582226762002,0.5622641509433962,0.5,0.5
1162,GO_MODULATION_BY_SYMBIONT_OF_HOST_CELLULAR_PROCESS,0.571297242083759,0.5679245283018868,0.4844739530132789,0.49056603773584906
1163,GO_REGULATION_OF_VESICLE_MEDIATED_TRANSPORT,0.6836567926455567,0.6194968553459119,0.4831460674157303,0.5584905660377358
1164,GO_ORGANONITROGEN_COMPOUND_CATABOLIC_PROCESS,0.7079673135852911,0.5566037735849056,0.4547497446373851,0.6018867924528302
1165,GO_REGULATION_OF_ASTROCYTE_DIFFERENTIATION,0.5780388151174668,0.5748427672955975,0.46292134831460674,0.5144654088050314
1166,GO_REGULATION_OF_HYDROGEN_PEROXIDE_INDUCED_CELL_DEATH,0.586414708886619,0.5471698113207547,0.5,0.5
1167,GO_ADP_METABOLIC_PROCESS,0.5686414708886618,0.5327044025157233,0.4820224719101123,0.5911949685534591
1168,GO_POSITIVE_REGULATION_OF_CELL_PROLIFERATION,0.7217568947906026,0.6320754716981132,0.43789581205311545,0.47547169811320755
1169,GO_REGULATION_OF_SODIUM_ION_TRANSPORT,0.6735444330949949,0.6188679245283019,0.47221654749744635,0.5383647798742138
1170,GO_POSITIVE_REGULATION_OF_TUMOR_NECROSIS_FACTOR_SUPERFAMILY_CYTOKINE_PRODUCTION,0.6424923391215527,0.4968553459119497,0.49009193054136874,0.5144654088050314
1171,GO_NEGATIVE_REGULATION_OF_G_PROTEIN_COUPLED_RECEPTOR_PROTEIN_SIGNALING_PATHWAY,0.633197139938713,0.580503144654088,0.497752808988764,0.5238993710691824
1172,GO_HISTONE_DEUBIQUITINATION,0.5079673135852911,0.5006289308176101,0.47262512768130743,0.5490566037735849
1173,GO_GLUCOSAMINE_CONTAINING_COMPOUND_METABOLIC_PROCESS,0.546067415730337,0.6,0.4943820224719101,0.5333333333333333
1174,GO_ORGANIC_ACID_TRANSPORT,0.6960163432073544,0.6182389937106919,0.49080694586312557,0.6188679245283019
1175,GO_FOREBRAIN_REGIONALIZATION,0.617364657814096,0.540251572327044,0.47191011235955055,0.49056603773584906
1176,GO_FOREBRAIN_GENERATION_OF_NEURONS,0.6604698672114402,0.5949685534591195,0.43850868232890694,0.4477987421383648
1177,GO_CALCIUM_DEPENDENT_CELL_CELL_ADHESION_VIA_PLASMA_MEMBRANE_CELL_ADHESION_MOLECULES,0.6205311542390194,0.5861635220125786,0.4927477017364658,0.5477987421383648
1178,GO_PANCREAS_DEVELOPMENT,0.6407558733401431,0.5220125786163522,0.4844739530132789,0.5238993710691824
1179,GO_LEUKOCYTE_CHEMOTAXIS,0.6288049029622063,0.5213836477987421,0.4686414708886619,0.5308176100628931
1180,GO_GLUCOSE_6_PHOSPHATE_METABOLIC_PROCESS,0.5768130745658836,0.5371069182389937,0.4840653728294178,0.5572327044025157
1181,GO_MITOCHONDRIAL_TRANSMEMBRANE_TRANSPORT,0.5775280898876405,0.5559748427672956,0.47538304392236974,0.5572327044025157
1182,GO_NUCLEAR_PORE_ORGANIZATION,0.5558733401430032,0.5238993710691824,0.49570990806945864,0.49056603773584906
1183,GO_CELLULAR_RESPONSE_TO_NITRIC_OXIDE,0.5692543411644536,0.5716981132075472,0.4823289070480081,0.5238993710691824
1184,GO_INTRA_S_DNA_DAMAGE_CHECKPOINT,0.5317671092951991,0.5276729559748428,0.5,0.5
1185,GO_REGULATION_OF_SYNAPSE_STRUCTURE_OR_ACTIVITY,0.6832482124616956,0.6113207547169812,0.43381001021450466,0.5748427672955975
1186,GO_HISTONE_H3_K9_MODIFICATION,0.53585291113381,0.5144654088050314,0.5,0.5
1187,GO_RESPONSE_TO_INTERFERON_ALPHA,0.6087844739530133,0.5245283018867924,0.5,0.5
1188,GO_NEGATIVE_REGULATION_OF_TRANSLATIONAL_INITIATION,0.5844739530132789,0.5157232704402516,0.4786516853932585,0.5238993710691824
1189,GO_REGULATION_OF_TOLL_LIKE_RECEPTOR_SIGNALING_PATHWAY,0.5768130745658835,0.5672955974842767,0.4709908069458631,0.5716981132075472
1190,GO_CARDIAC_CONDUCTION_SYSTEM_DEVELOPMENT,0.537691521961185,0.5666666666666667,0.4887640449438202,0.5238993710691824
1191,GO_REGULATION_OF_GLOMERULAR_FILTRATION,0.5305413687436159,0.5238993710691824,0.5,0.5
1192,GO_REGULATION_OF_FATTY_ACID_METABOLIC_PROCESS,0.6673135852911133,0.5591194968553459,0.4879468845760981,0.49056603773584906
1193,GO_CYTOCHROME_COMPLEX_ASSEMBLY,0.5160367722165474,0.49056603773584906,0.4887640449438202,0.5333333333333333
1194,GO_RESPONSE_TO_METAL_ION,0.7108273748723187,0.5578616352201258,0.4547497446373851,0.6383647798742139
1195,GO_CELL_SUBSTRATE_ADHESION,0.6150153217568948,0.5660377358490566,0.4599591419816139,0.6050314465408805
1196,GO_NEGATIVE_REGULATION_OF_DEVELOPMENTAL_GROWTH,0.6382022471910113,0.5056603773584906,0.4929519918283963,0.5125786163522013
1197,GO_NEGATIVE_REGULATION_OF_INTRACELLULAR_SIGNAL_TRANSDUCTION,0.7342185903983657,0.6647798742138364,0.4582226762002043,0.6119496855345912
1198,GO_ENDOCARDIAL_CUSHION_FORMATION,0.5459652706843718,0.49056603773584906,0.49785495403472924,0.5333333333333333
1199,GO_REGULATION_OF_NUCLEAR_CELL_CYCLE_DNA_REPLICATION,0.5518896833503575,0.5490566037735849,0.5,0.5
1200,GO_ORGANIC_HYDROXY_COMPOUND_TRANSPORT,0.6881511746680287,0.5949685534591195,0.47242083758937686,0.510062893081761
1201,GO_MITOCHONDRIAL_CALCIUM_ION_HOMEOSTASIS,0.5451481103166496,0.5050314465408805,0.4676200204290092,0.5333333333333333
1202,GO_REPLACEMENT_OSSIFICATION,0.6156281920326865,0.5610062893081761,0.4871297242083759,0.49056603773584906
1203,GO_REGULATION_OF_ACTIN_FILAMENT_BASED_PROCESS,0.6696629213483145,0.618867924528302,0.4699693564862104,0.5993710691823899
1204,GO_WOUND_HEALING,0.7257405515832482,0.5238993710691824,0.4922369765066394,0.6427672955974844
1205,GO_MITOTIC_CELL_CYCLE_ARREST,0.5459652706843718,0.49559748427672956,0.46414708886618994,0.5477987421383648
1206,GO_HEXOSE_CATABOLIC_PROCESS,0.6212461695607763,0.5044025157232704,0.4887640449438202,0.5572327044025157
1207,GO_GLUTAMINE_METABOLIC_PROCESS,0.5481103166496425,0.5383647798742138,0.49785495403472924,0.49056603773584906
1208,GO_RESPONSE_TO_NERVE_GROWTH_FACTOR,0.6117466802860062,0.5610062893081761,0.4651685393258427,0.4628930817610063
1209,GO_NEGATIVE_REGULATION_OF_TELOMERASE_ACTIVITY,0.534729315628192,0.5289308176100629,0.4887640449438202,0.49056603773584906
1210,GO_RNA_PROCESSING,0.6975485188968336,0.5025157232704403,0.4293156281920327,0.5150943396226415
1211,GO_REGULATION_OF_IRE1_MEDIATED_UNFOLDED_PROTEIN_RESPONSE,0.5320735444330951,0.5050314465408805,0.5,0.5
1212,GO_POSITIVE_REGULATION_OF_FATTY_ACID_BIOSYNTHETIC_PROCESS,0.5378958120531154,0.5716981132075472,0.4879468845760981,0.49056603773584906
1213,GO_SYNAPTIC_VESICLE_CYCLE,0.6186925434116446,0.5547169811320755,0.46670071501532173,0.5157232704402516
1214,GO_NUCLEOBASE_CONTAINING_SMALL_MOLECULE_METABOLIC_PROCESS,0.6990806945863126,0.5113207547169811,0.45648621041879467,0.6031446540880503
1215,GO_POSITIVE_REGULATION_OF_INTERLEUKIN_1_SECRETION,0.57926455566905,0.4962264150943396,0.4943820224719101,0.49056603773584906
1216,GO_REGULATION_OF_CYTOKINE_PRODUCTION_INVOLVED_IN_IMMUNE_RESPONSE,0.5631256384065373,0.6421383647798742,0.48079673135852913,0.5314465408805031
1217,GO_POSITIVE_REGULATION_OF_LEUKOCYTE_PROLIFERATION,0.623391215526047,0.6075471698113208,0.4601634320735444,0.5006289308176101
1218,GO_PSEUDOURIDINE_SYNTHESIS,0.5125638406537283,0.5238993710691824,0.4922369765066394,0.49056603773584906
1219,GO_CELLULAR_PROTEIN_COMPLEX_ASSEMBLY,0.6964249233912156,0.5735849056603773,0.47415730337078654,0.5509433962264151
1220,GO_DEFENSE_RESPONSE,0.7090909090909091,0.5314465408805031,0.4906026557711951,0.6459119496855346
1221,GO_POLY_A_MRNA_EXPORT_FROM_NUCLEUS,0.5243105209397344,0.5238993710691824,0.49009193054136874,0.49056603773584906
1222,GO_PHOSPHOLIPID_BIOSYNTHETIC_PROCESS,0.6810010214504596,0.559748427672956,0.43820224719101125,0.5647798742138365
1223,GO_NEGATIVE_REGULATION_OF_LEUKOCYTE_APOPTOTIC_PROCESS,0.6160367722165475,0.47924528301886793,0.47538304392236974,0.5144654088050314
1224,GO_POSITIVE_REGULATION_OF_HYDROLASE_ACTIVITY,0.7133810010214505,0.5773584905660377,0.512053115423902,0.580503144654088
1225,GO_CELLULAR_RESPONSE_TO_INTERLEUKIN_4,0.5507660878447396,0.5383647798742138,0.48314606741573035,0.49056603773584906
1226,GO_PORPHYRIN_CONTAINING_COMPOUND_METABOLIC_PROCESS,0.5861082737487232,0.5723270440251572,0.4887640449438202,0.49056603773584906
1227,GO_SPERM_CAPACITATION,0.5764044943820225,0.5572327044025157,0.5,0.5
1228,GO_POSITIVE_REGULATION_OF_TELOMERASE_ACTIVITY,0.5693564862104189,0.4949685534591195,0.4752808988764045,0.5050314465408805
1229,GO_NEGATIVE_REGULATION_OF_INTERLEUKIN_6_PRODUCTION,0.5969356486210419,0.5006289308176101,0.5,0.5
1230,GO_CELLULAR_MONOVALENT_INORGANIC_CATION_HOMEOSTASIS,0.6843718079673137,0.5018867924528302,0.47579162410623077,0.5383647798742138
1231,GO_RESPONSE_TO_METHYLMERCURY,0.5195097037793667,0.5238993710691824,0.4887640449438202,0.49056603773584906
1232,GO_REGULATION_OF_CENTRIOLE_REPLICATION,0.537691521961185,0.5477987421383648,0.4943820224719101,0.49056603773584906
1233,GO_POSITIVE_REGULATION_OF_MULTICELLULAR_ORGANISMAL_METABOLIC_PROCESS,0.542288049029622,0.5144654088050314,0.49846782431052095,0.5144654088050314
1234,GO_REGULATION_OF_ACUTE_INFLAMMATORY_RESPONSE,0.6268641470888663,0.5289308176100629,0.4817160367722166,0.5792452830188679
1235,GO_CYTOKINE_PRODUCTION,0.638508682328907,0.4761006289308176,0.47313585291113386,0.5383647798742138
1236,GO_TOLL_LIKE_RECEPTOR_SIGNALING_PATHWAY,0.5935648621041879,0.4767295597484277,0.4642492339121552,0.6
1237,GO_POSITIVE_REGULATION_OF_INTRACELLULAR_TRANSPORT,0.6702757916241062,0.5515723270440251,0.4491317671092952,0.5779874213836478
1238,GO_FOREBRAIN_CELL_MIGRATION,0.6635342185903983,0.6559748427672957,0.45526046986721136,0.5238993710691824
1239,GO_DEMETHYLATION,0.6199182839632278,0.559748427672956,0.4867211440245148,0.4716981132075472
1240,GO_CELL_MOTILITY,0.7124616956077631,0.6666666666666667,0.4708886618998978,0.519496855345912
1241,GO_POSITIVE_REGULATION_OF_ENDOTHELIAL_CELL_MIGRATION,0.6600612870275792,0.5471698113207547,0.45495403472931567,0.530188679245283
1242,GO_DECIDUALIZATION,0.5535240040858018,0.5433962264150943,0.4879468845760981,0.49056603773584906
1243,GO_REGULATION_OF_MONONUCLEAR_CELL_MIGRATION,0.5825331971399387,0.5144654088050314,0.5,0.5
1244,GO_CERAMIDE_BIOSYNTHETIC_PROCESS,0.5687436159346272,0.5823899371069182,0.4646578140960163,0.4849056603773585
1245,GO_NEGATIVE_REGULATION_OF_ORGAN_GROWTH,0.539223697650664,0.5836477987421383,0.49387129724208373,0.6383647798742138
1246,GO_NEGATIVE_REGULATION_OF_RESPONSE_TO_BIOTIC_STIMULUS,0.5896833503575076,0.580503144654088,0.48314606741573035,0.5333333333333333
1247,GO_ORGANOPHOSPHATE_ESTER_TRANSPORT,0.5931562819203269,0.5226415094339623,0.48610827374872323,0.5679245283018868
1248,GO_MICROTUBULE_CYTOSKELETON_ORGANIZATION,0.6659856996935649,0.5886792452830188,0.42533197139938717,0.5849056603773586
1249,GO_HISTONE_MONOUBIQUITINATION,0.5713993871297243,0.49559748427672956,0.4887640449438202,0.49056603773584906
1250,GO_REGULATION_OF_CELL_CYCLE_G2_M_PHASE_TRANSITION,0.6038815117466804,0.5817610062893082,0.4879468845760981,0.4811320754716981
1251,GO_EMBRYONIC_VISCEROCRANIUM_MORPHOGENESIS,0.5087844739530133,0.4716981132075472,0.4828396322778345,0.5528301886792453
1252,GO_SOMATIC_CELL_DNA_RECOMBINATION,0.6126659856996935,0.5540880503144654,0.4561797752808989,0.5572327044025157
1253,GO_PIGMENTATION,0.6513789581205311,0.6547169811320755,0.478855975485189,0.5666666666666667
1254,GO_POSITIVE_REGULATION_OF_PROTEIN_LOCALIZATION_TO_CELL_PERIPHERY,0.5881511746680287,0.5163522012578616,0.4914198161389173,0.49056603773584906
1255,GO_POSITIVE_REGULATION_OF_TRANSLATIONAL_INITIATION,0.5181818181818182,0.5333333333333333,0.47538304392236974,0.4811320754716981
1256,GO_NEGATIVE_REGULATION_OF_CELL_AGING,0.5527068437180795,0.5893081761006289,0.47466802860061286,0.5383647798742138
1257,GO_B_CELL_MEDIATED_IMMUNITY,0.618488253319714,0.4610062893081761,0.42911133810010216,0.6088050314465409
1258,GO_AORTA_DEVELOPMENT,0.6075587334014301,0.6150943396226415,0.478855975485189,0.6144654088050314
1259,GO_CELL_DIFFERENTIATION_INVOLVED_IN_EMBRYONIC_PLACENTA_DEVELOPMENT,0.5603677221654749,0.5823899371069182,0.4810010214504596,0.5238993710691824
1260,GO_ASYMMETRIC_CELL_DIVISION,0.5061287027579162,0.5716981132075472,0.4866189989785495,0.49056603773584906
1261,GO_SPECIFICATION_OF_SYMMETRY,0.6280898876404494,0.5257861635220126,0.44535240040858026,0.610062893081761
1262,GO_PROTEIN_LOCALIZATION_TO_ENDOPLASMIC_RETICULUM,0.5671092951991827,0.4767295597484277,0.4733401430030643,0.5383647798742138
1263,GO_BILE_ACID_BIOSYNTHETIC_PROCESS,0.5467824310520939,0.5647798742138365,0.4914198161389173,0.5666666666666667
1264,GO_NEGATIVE_REGULATION_OF_COAGULATION,0.6409601634320736,0.6220125786163522,0.48355464759959144,0.5157232704402516
1265,GO_HISTONE_EXCHANGE,0.5647599591419815,0.5509433962264151,0.48314606741573035,0.5144654088050314
1266,GO_LIPID_HOMEOSTASIS,0.6534218590398365,0.4981132075471698,0.4718079673135852,0.5314465408805031
1267,GO_CELLULAR_RESPIRATION,0.6113381001021451,0.5666666666666667,0.4810010214504596,0.4528301886792453
1268,GO_NUCLEOTIDE_EXCISION_REPAIR_DNA_DAMAGE_RECOGNITION,0.5125638406537283,0.5333333333333333,0.49785495403472924,0.49056603773584906
1269,GO_REGULATION_OF_ENDOTHELIAL_CELL_DEVELOPMENT,0.5636363636363636,0.5238993710691824,0.4922369765066394,0.5333333333333333
1270,GO_B_CELL_DIFFERENTIATION,0.6342185903983658,0.5572327044025157,0.44841675178753826,0.5364779874213836
1271,GO_NEURAL_PRECURSOR_CELL_PROLIFERATION,0.6361593462717058,0.6515723270440251,0.4617977528089887,0.5572327044025157
1272,GO_NUCLEAR_TRANSPORT,0.668335035750766,0.5088050314465409,0.4550561797752809,0.6433962264150943
1273,GO_PEPTIDE_METABOLIC_PROCESS,0.6763023493360572,0.5119496855345913,0.39775280898876403,0.5748427672955975
1274,GO_NEGATIVE_REGULATION_OF_CELL_SUBSTRATE_ADHESION,0.5923391215526047,0.5345911949685535,0.4837589376915219,0.48930817610062893
1275,GO_REGULATION_OF_EPITHELIAL_CELL_DIFFERENTIATION,0.6473953013278857,0.580503144654088,0.46833503575076607,0.47735849056603774
1276,GO_ENDOTHELIAL_CELL_MIGRATION,0.6503575076608784,0.5069182389937107,0.47926455566905,0.49559748427672956
1277,GO_ORGANIC_HYDROXY_COMPOUND_CATABOLIC_PROCESS,0.6116445352400409,0.5383647798742138,0.4787538304392237,0.5836477987421383
1278,GO_GLYCEROLIPID_METABOLIC_PROCESS,0.6894790602655771,0.5616352201257861,0.42390194075587334,0.6213836477987422
1279,GO_PEPTIDYL_AMINO_ACID_MODIFICATION,0.7032686414708887,0.550314465408805,0.46578140960163433,0.610062893081761
1280,GO_SECRETION,0.6991828396322779,0.620754716981132,0.5522982635342186,0.6232704402515723
1281,GO_REGULATION_OF_SEQUESTERING_OF_TRIGLYCERIDE,0.5779366700715015,0.5157232704402516,0.5,0.5
1282,GO_NEGATIVE_REGULATION_OF_FIBROBLAST_GROWTH_FACTOR_RECEPTOR_SIGNALING_PATHWAY,0.5251276813074566,0.5333333333333333,0.4858018386108274,0.5144654088050314
1283,GO_NEGATIVE_REGULATION_OF_PROTEIN_OLIGOMERIZATION,0.5893769152196119,0.4861635220125786,0.5,0.5
1284,GO_CELL_ACTIVATION_INVOLVED_IN_IMMUNE_RESPONSE,0.6352400408580184,0.6251572327044026,0.41470888661899896,0.5893081761006289
1285,GO_POSITIVE_REGULATION_OF_VASODILATION,0.6382022471910112,0.5075471698113208,0.5,0.5
1286,GO_HOMOCYSTEINE_METABOLIC_PROCESS,0.5470888661899898,0.48050314465408805,0.5,0.5
1287,GO_NEGATIVE_REGULATION_OF_HISTONE_MODIFICATION,0.5609805924412666,0.46037735849056605,0.48539325842696623,0.5911949685534591
1288,GO_COFACTOR_CATABOLIC_PROCESS,0.537691521961185,0.5144654088050314,0.4922369765066394,0.5666666666666667
1289,GO_PYRIMIDINE_CONTAINING_COMPOUND_CATABOLIC_PROCESS,0.587946884576098,0.4716981132075472,0.49182839632277836,0.5477987421383648
1290,GO_NEGATIVE_REGULATION_OF_DNA_BINDING,0.5900919305413688,0.6169811320754717,0.4801838610827375,0.5578616352201258
1291,GO_VENTRAL_SPINAL_CORD_DEVELOPMENT,0.5916241062308478,0.5691823899371069,0.4943820224719101,0.49056603773584906
1292,GO_REGULATION_OF_CIRCADIAN_RHYTHM,0.675076608784474,0.5283018867924528,0.44310520939734427,0.529559748427673
1293,GO_ANION_TRANSPORT,0.6838610827374871,0.6251572327044026,0.45934627170582226,0.5540880503144654
1294,GO_CELL_CELL_ADHESION,0.6700715015321758,0.5371069182389937,0.48529111338100106,0.6371069182389937
1295,GO_MORPHOGENESIS_OF_AN_ENDOTHELIUM,0.6034729315628191,0.5823899371069182,0.47752808988764045,0.4811320754716981
1296,GO_GUANOSINE_CONTAINING_COMPOUND_METABOLIC_PROCESS,0.6149131767109295,0.5169811320754717,0.4943820224719101,0.49056603773584906
1297,GO_POSITIVE_REGULATION_OF_RELEASE_OF_SEQUESTERED_CALCIUM_ION_INTO_CYTOSOL,0.6145045965270685,0.5660377358490566,0.4691521961184883,0.5157232704402516
1298,GO_REGULATION_OF_CYCLIC_NUCLEOTIDE_METABOLIC_PROCESS,0.6992849846782431,0.6333333333333334,0.4790602655771195,0.550314465408805
1299,GO_CHONDROITIN_SULFATE_PROTEOGLYCAN_BIOSYNTHETIC_PROCESS,0.5633299284984679,0.5188679245283019,0.4991828396322778,0.5333333333333333
1300,GO_GLANDULAR_EPITHELIAL_CELL_DEVELOPMENT,0.547191011235955,0.5069182389937107,0.49785495403472924,0.5333333333333333
1301,GO_RESPONSE_TO_MAGNESIUM_ION,0.5745658835546477,0.5345911949685535,0.4892747701736465,0.5050314465408805
1302,GO_CELLULAR_RESPONSE_TO_ATP,0.5516853932584269,0.4811320754716981,0.4879468845760981,0.49056603773584906
1303,GO_CHOLESTEROL_EFFLUX,0.6338100102145046,0.5276729559748428,0.4943820224719101,0.5333333333333333
1304,GO_PROTEIN_OLIGOMERIZATION,0.685291113381001,0.5742138364779874,0.46772216547497447,0.6622641509433962
1305,GO_BETA_CATENIN_DESTRUCTION_COMPLEX_DISASSEMBLY,0.5876404494382022,0.5050314465408805,0.4914198161389173,0.49056603773584906
1306,GO_INNER_DYNEIN_ARM_ASSEMBLY,0.5426966292134832,0.5723270440251572,0.49356486210418793,0.5333333333333333
1307,GO_REGULATION_OF_EPITHELIAL_CELL_PROLIFERATION,0.6450459652706844,0.5811320754716981,0.4378958120531154,0.5842767295597485
1308,GO_CHROMATIN_ASSEMBLY_OR_DISASSEMBLY,0.6066394279877425,0.6484276729559749,0.4252298263534218,0.5572327044025157
1309,GO_REGULATION_OF_NITRIC_OXIDE_SYNTHASE_ACTIVITY,0.6176710929519917,0.540251572327044,0.493973442288049,0.5559748427672956
1310,GO_REGULATION_OF_ANDROGEN_RECEPTOR_SIGNALING_PATHWAY,0.5691521961184882,0.530188679245283,0.5,0.5
1311,GO_LEFT_RIGHT_PATTERN_FORMATION,0.565270684371808,0.560377358490566,0.49785495403472924,0.49056603773584906
1312,GO_REGULATION_OF_LIPID_BIOSYNTHETIC_PROCESS,0.6382022471910112,0.5276729559748428,0.44729315628192035,0.5735849056603773
1313,GO_RESPONSE_TO_XENOBIOTIC_STIMULUS,0.6951991828396323,0.5962264150943396,0.4615934627170582,0.5371069182389937
1314,GO_REGULATION_OF_MACROPHAGE_DERIVED_FOAM_CELL_DIFFERENTIATION,0.6501532175689478,0.5484276729559748,0.4871297242083759,0.5050314465408805
1315,GO_EMBRYONIC_DIGESTIVE_TRACT_MORPHOGENESIS,0.5730337078651685,0.5050314465408805,0.4823289070480081,0.5144654088050314
1316,GO_PLACENTA_BLOOD_VESSEL_DEVELOPMENT,0.5649642492339122,0.5144654088050314,0.4943820224719101,0.5333333333333333
1317,GO_POSITIVE_REGULATION_OF_GUANYLATE_CYCLASE_ACTIVITY,0.5719101123595506,0.5144654088050314,0.4922369765066394,0.49056603773584906
1318,GO_MELANIN_METABOLIC_PROCESS,0.5390194075587335,0.5572327044025157,0.4943820224719101,0.5238993710691824
1319,GO_POSITIVE_REGULATION_OF_RESPONSE_TO_EXTERNAL_STIMULUS,0.7129724208375894,0.59874213836478,0.4361593462717058,0.6383647798742139
1320,GO_POSITIVE_REGULATION_OF_CELL_CYCLE_G2_M_PHASE_TRANSITION,0.5584269662921348,0.4767295597484277,0.4922369765066394,0.49056603773584906
1321,GO_REGULATION_OF_REMOVAL_OF_SUPEROXIDE_RADICALS,0.5334014300306436,0.46226415094339623,0.49570990806945864,0.5333333333333333
1322,GO_NEGATIVE_REGULATION_OF_STEM_CELL_PROLIFERATION,0.5251276813074566,0.49056603773584906,0.47752808988764045,0.4811320754716981
1323,GO_AGING,0.6858018386108273,0.5320754716981132,0.4583248212461695,0.5553459119496855
1324,GO_REGULATION_OF_VACUOLAR_TRANSPORT,0.5912155260469868,0.5264150943396226,0.4887640449438202,0.4811320754716981
1325,GO_CELLULAR_RESPONSE_TO_ELECTRICAL_STIMULUS,0.5196118488253321,0.5477987421383648,0.4919305413687436,0.5383647798742138
1326,GO_REGULATION_OF_OXIDATIVE_PHOSPHORYLATION,0.5264555669050051,0.5333333333333333,0.5,0.5
1327,GO_NEGATIVE_REGULATION_OF_CHROMOSOME_SEGREGATION,0.580388151174668,0.5314465408805031,0.4922369765066394,0.5333333333333333
1328,GO_NEGATIVE_REGULATION_OF_EXTRINSIC_APOPTOTIC_SIGNALING_PATHWAY,0.660367722165475,0.5572327044025157,0.478855975485189,0.4811320754716981
1329,GO_REGULATION_OF_BONE_DEVELOPMENT,0.5832482124616957,0.5955974842767295,0.5,0.5
1330,GO_POSITIVE_REGULATION_OF_T_CELL_MEDIATED_CYTOTOXICITY,0.5307456588355465,0.5333333333333333,0.4887640449438202,0.4716981132075472
1331,GO_REGULATION_OF_LEUKOCYTE_MEDIATED_CYTOTOXICITY,0.592849846782431,0.5761006289308176,0.4760980592441267,0.4716981132075472
1332,GO_REGULATION_OF_CHOLESTEROL_BIOSYNTHETIC_PROCESS,0.6072522982635342,0.5364779874213836,0.5,0.5
1333,GO_POLYSACCHARIDE_CATABOLIC_PROCESS,0.6050051072522984,0.5144654088050314,0.49785495403472924,0.5333333333333333
1334,GO_NEGATIVE_REGULATION_OF_AUTOPHAGY,0.6128702757916241,0.5553459119496855,0.4887640449438202,0.49056603773584906
1335,GO_INNER_CELL_MASS_CELL_PROLIFERATION,0.5320735444330951,0.5238993710691824,0.5,0.5
1336,GO_POSITIVE_REGULATION_OF_MRNA_SPLICING_VIA_SPLICEOSOME,0.5433094994892748,0.5572327044025157,0.4866189989785495,0.4811320754716981
1337,GO_POSTTRANSCRIPTIONAL_REGULATION_OF_GENE_EXPRESSION,0.6888661899897854,0.5528301886792453,0.4384065372829418,0.5383647798742138
1338,GO_POSITIVE_REGULATION_OF_DNA_DEPENDENT_DNA_REPLICATION,0.5481103166496425,0.5238993710691824,0.4866189989785495,0.4811320754716981
1339,GO_STARTLE_RESPONSE,0.6077630234933606,0.5415094339622641,0.5,0.5
1340,GO_MOTOR_NEURON_AXON_GUIDANCE,0.6375893769152197,0.5308176100628931,0.4542390194075588,0.5150943396226415
1341,GO_TRANSCRIPTION_FROM_RNA_POLYMERASE_II_PROMOTER,0.7137895812053117,0.4962264150943396,0.47048008171603684,0.6176100628930817
1342,GO_PYRIMIDINE_RIBONUCLEOSIDE_CATABOLIC_PROCESS,0.5342185903983656,0.5572327044025157,0.4810010214504596,0.49056603773584906
1343,GO_RESPONSE_TO_ENDOGENOUS_STIMULUS,0.65097037793667,0.630188679245283,0.47783452502553625,0.5654088050314465
1344,GO_HYPOTHALAMUS_DEVELOPMENT,0.5456588355464761,0.4861635220125786,0.5,0.5
1345,GO_PATTERN_RECOGNITION_RECEPTOR_SIGNALING_PATHWAY,0.6306435137895812,0.5421383647798742,0.4480081716036773,0.6025157232704402
1346,GO_POSITIVE_REGULATION_OF_MEIOTIC_CELL_CYCLE,0.5529111338100101,0.5238993710691824,0.4975485188968335,0.6144654088050314
1347,GO_LATERAL_MESODERM_DEVELOPMENT,0.5216547497446373,0.49056603773584906,0.49356486210418793,0.5572327044025157
1348,GO_POSITIVE_REGULATION_OF_CELL_MATRIX_ADHESION,0.6069458631256385,0.48867924528301887,0.48835546475995917,0.4811320754716981
1349,GO_EMBRYO_DEVELOPMENT,0.7069458631256385,0.5836477987421385,0.45903983656792646,0.6194968553459119
1350,GO_REGULATION_OF_STRIATED_MUSCLE_CONTRACTION,0.647599591419816,0.5484276729559748,0.47119509703779366,0.5371069182389937
1351,GO_REGULATION_OF_LEUKOCYTE_DIFFERENTIATION,0.6964249233912154,0.5937106918238995,0.4814096016343207,0.579874213836478
1352,GO_REGULATION_OF_TRANSCRIPTION_ELONGATION_FROM_RNA_POLYMERASE_II_PROMOTER,0.5357507660878448,0.5289308176100629,0.49009193054136874,0.4716981132075472
1353,GO_WATER_TRANSPORT,0.5229826353421858,0.4578616352201258,0.4866189989785495,0.4767295597484277
1354,GO_ESTABLISHMENT_OF_CELL_POLARITY,0.6543411644535241,0.5893081761006289,0.4400408580183861,0.5993710691823899
1355,GO_BIOTIN_METABOLIC_PROCESS,0.5743615934627171,0.5647798742138365,0.49009193054136874,0.49559748427672956
1356,GO_STEM_CELL_DIVISION,0.5760980592441266,0.5547169811320755,0.478855975485189,0.5666666666666667
1357,GO_REACTIVE_OXYGEN_SPECIES_BIOSYNTHETIC_PROCESS,0.5870275791624107,0.5572327044025157,0.47191011235955055,0.5144654088050314
1358,GO_POSITIVE_REGULATION_OF_NITRIC_OXIDE_SYNTHASE_BIOSYNTHETIC_PROCESS,0.5580183861082737,0.5666666666666667,0.4943820224719101,0.49056603773584906
1359,GO_DIGESTIVE_SYSTEM_DEVELOPMENT,0.6052093973442287,0.628930817610063,0.45403472931562816,0.5389937106918239
1360,GO_POSITIVE_REGULATION_OF_STEROID_BIOSYNTHETIC_PROCESS,0.5537282941777323,0.6,0.4943820224719101,0.49056603773584906
1361,GO_DNA_CONFORMATION_CHANGE,0.6632277834525024,0.5823899371069182,0.4336057201225741,0.560377358490566
1362,GO_DETECTION_OF_MECHANICAL_STIMULUS,0.614708886618999,0.4761006289308176,0.48253319713993864,0.5138364779874214
1363,GO_SEXUAL_REPRODUCTION,0.6826353421859039,0.4767295597484276,0.4733401430030643,0.6264150943396227
1364,GO_EPIDERMAL_CELL_DIFFERENTIATION,0.672114402451481,0.570440251572327,0.46016343207354443,0.5169811320754717
1365,GO_SYNAPTONEMAL_COMPLEX_ORGANIZATION,0.5561797752808989,0.5471698113207547,0.4887640449438202,0.49056603773584906
1366,GO_BASE_EXCISION_REPAIR,0.5574055158324821,0.4761006289308176,0.48774259448416757,0.6163522012578616
1367,GO_CELLULAR_CARBOHYDRATE_CATABOLIC_PROCESS,0.5928498467824311,0.48867924528301887,0.49785495403472924,0.5333333333333333
1368,GO_NEGATIVE_REGULATION_OF_TYPE_2_IMMUNE_RESPONSE,0.5673135852911134,0.49559748427672956,0.5,0.5
1369,GO_REGULATION_OF_NUCLEOSIDE_METABOLIC_PROCESS,0.6297242083758938,0.5924528301886792,0.4887640449438202,0.49056603773584906
1370,GO_TAXIS,0.6923391215526046,0.5886792452830188,0.417364657814096,0.6238993710691825
1371,GO_CITRULLINE_METABOLIC_PROCESS,0.5459652706843718,0.5144654088050314,0.49009193054136874,0.4811320754716981
1372,GO_NEGATIVE_REGULATION_OF_AXON_GUIDANCE,0.604187946884576,0.5452830188679245,0.5,0.5
1373,GO_ORGAN_FORMATION,0.5888661899897855,0.6050314465408805,0.48835546475995917,0.6144654088050314
1374,GO_NEGATIVE_REGULATION_OF_CALCIUM_ION_TRANSPORT_INTO_CYTOSOL,0.5822267620020429,0.5842767295597484,0.5,0.5
1375,GO_REGULATION_OF_CARDIAC_MUSCLE_CELL_MEMBRANE_REPOLARIZATION,0.550561797752809,0.5006289308176101,0.48549540347293163,0.5635220125786163
1376,GO_RESPONSE_TO_GLUCAGON,0.6197139938712972,0.5125786163522013,0.4887640449438202,0.4716981132075472
1377,GO_NEGATIVE_REGULATION_OF_TISSUE_REMODELING,0.5363636363636364,0.49056603773584906,0.49570990806945864,0.5238993710691824
1378,GO_MEMBRANE_TUBULATION,0.5415730337078651,0.5050314465408805,0.4887640449438202,0.49056603773584906
1379,GO_EMBRYONIC_PLACENTA_DEVELOPMENT,0.5891726251276812,0.4867924528301887,0.46404494382022465,0.5811320754716981
1380,GO_SMALL_MOLECULE_BIOSYNTHETIC_PROCESS,0.7097037793667008,0.5163522012578616,0.4587334014300306,0.6415094339622641
1381,GO_ANATOMICAL_STRUCTURE_MATURATION,0.6381001021450459,0.5823899371069182,0.49356486210418793,0.5716981132075472
1382,GO_REGULATION_OF_AMYLOID_PRECURSOR_PROTEIN_CATABOLIC_PROCESS,0.5568947906026558,0.5006289308176101,0.49356486210418793,0.49056603773584906
1383,GO_CELLULAR_EXTRAVASATION,0.5931562819203269,0.5144654088050314,0.5,0.5
1384,GO_REGULATION_OF_TELOMERE_MAINTENANCE,0.6400408580183861,0.4742138364779874,0.4745658835546476,0.5276729559748428
1385,GO_REGULATION_OF_EXTRINSIC_APOPTOTIC_SIGNALING_PATHWAY_VIA_DEATH_DOMAIN_RECEPTORS,0.6282941777323799,0.5446540880503145,0.4833503575076608,0.5433962264150943
1386,GO_NEGATIVE_REGULATION_OF_WOUND_HEALING,0.6484167517875383,0.5880503144654088,0.4902962206332992,0.4981132075471698
1387,GO_REGULATION_OF_IMMUNOGLOBULIN_PRODUCTION,0.5563840653728294,0.5383647798742138,0.4844739530132789,0.4716981132075472
1388,GO_FATTY_ACYL_COA_METABOLIC_PROCESS,0.6172625127681308,0.5654088050314465,0.4922369765066394,0.5666666666666667
1389,GO_NEGATIVE_REGULATION_OF_MUSCLE_CELL_APOPTOTIC_PROCESS,0.6372829417773238,0.4867924528301887,0.47242083758937686,0.5050314465408805
1390,GO_GPI_ANCHOR_METABOLIC_PROCESS,0.54902962206333,0.5238993710691824,0.4943820224719101,0.49056603773584906
1391,GO_POSITIVE_REGULATION_OF_HISTONE_DEACETYLATION,0.5673135852911134,0.5050314465408805,0.5,0.5
1392,GO_BLOOD_COAGULATION_FIBRIN_CLOT_FORMATION,0.5342185903983656,0.4811320754716981,0.47119509703779366,0.5226415094339623
1393,GO_POSITIVE_REGULATION_OF_INSULIN_SECRETION,0.6183861082737487,0.5459119496855346,0.4922369765066394,0.4811320754716981
1394,GO_NEGATIVE_REGULATION_OF_NEUROTRANSMITTER_TRANSPORT,0.5908069458631257,0.5842767295597484,0.473953013278856,0.5157232704402516
1395,GO_AMYLOID_PRECURSOR_PROTEIN_METABOLIC_PROCESS,0.5272727272727272,0.6333333333333333,0.5,0.5
1396,GO_NUCLEIC_ACID_PHOSPHODIESTER_BOND_HYDROLYSIS,0.6272727272727273,0.5880503144654088,0.41573033707865165,0.5628930817610063
1397,GO_CHEMICAL_HOMEOSTASIS_WITHIN_A_TISSUE,0.5467824310520939,0.5238993710691824,0.4914198161389173,0.5572327044025157
1398,GO_REGULATION_OF_MYELOID_CELL_DIFFERENTIATION,0.6470888661899897,0.6773584905660378,0.44147088866189993,0.539622641509434
1399,GO_REGULATION_OF_RESPONSE_TO_EXTERNAL_STIMULUS,0.7414708886618999,0.5710691823899371,0.4295199182839632,0.5490566037735849
1400,GO_REGULATION_OF_RNA_POLYMERASE_II_TRANSCRIPTIONAL_PREINITIATION_COMPLEX_ASSEMBLY,0.5216547497446373,0.5238993710691824,0.4943820224719101,0.5333333333333333
1401,GO_RETROGRADE_PROTEIN_TRANSPORT_ER_TO_CYTOSOL,0.5216547497446373,0.49056603773584906,0.5,0.5
1402,GO_EPITHELIAL_CELL_CELL_ADHESION,0.5597548518896833,0.4811320754716981,0.4767109295199182,0.5572327044025157
1403,GO_REGULATION_OF_MITOCHONDRION_ORGANIZATION,0.6659856996935649,0.6918238993710691,0.45045965270684374,0.5012578616352201
1404,GO_POLYAMINE_METABOLIC_PROCESS,0.5104187946884576,0.6,0.4887640449438202,0.4716981132075472
1405,GO_POSITIVE_REGULATION_OF_MUSCLE_CONTRACTION,0.6242083758937691,0.4830188679245283,0.4840653728294177,0.4540880503144654
1406,GO_NEGATIVE_REGULATION_OF_T_CELL_RECEPTOR_SIGNALING_PATHWAY,0.539632277834525,0.49559748427672956,0.5,0.5
1407,GO_PTERIDINE_CONTAINING_COMPOUND_BIOSYNTHETIC_PROCESS,0.5069458631256384,0.5572327044025157,0.5,0.5
1408,GO_BLOOD_VESSEL_ENDOTHELIAL_CELL_MIGRATION,0.5938712972420838,0.5666666666666667,0.4848825331971399,0.5044025157232704
1409,GO_POSITIVE_REGULATION_OF_PROTEIN_LOCALIZATION_TO_NUCLEUS,0.6671092951991828,0.6069182389937107,0.46966292134831455,0.560377358490566
1410,GO_POSITIVE_REGULATION_OF_BMP_SIGNALING_PATHWAY,0.5531154239019407,0.5622641509433962,0.47262512768130743,0.4528301886792453
1411,GO_REGULATION_OF_INTERFERON_GAMMA_BIOSYNTHETIC_PROCESS,0.5272727272727272,0.5238993710691824,0.4601634320735444,0.6245283018867924
1412,GO_PROXIMAL_DISTAL_PATTERN_FORMATION,0.6041879468845761,0.6389937106918239,0.5,0.5
1413,GO_STRIATED_MUSCLE_CONTRACTION,0.6510725229826355,0.5716981132075472,0.49560776302349335,0.5534591194968553
1414,GO_NEGATIVE_REGULATION_OF_ANION_TRANSPORT,0.6443309499489275,0.5735849056603773,0.4943820224719101,0.49056603773584906
1415,GO_NEGATIVE_REGULATION_OF_CD4_POSITIVE_ALPHA_BETA_T_CELL_DIFFERENTIATION,0.5195097037793667,0.49056603773584906,0.49009193054136874,0.4811320754716981
1416,GO_ECTODERM_DEVELOPMENT,0.5969356486210419,0.519496855345912,0.4745658835546476,0.4716981132075472
1417,GO_HYALURONAN_METABOLIC_PROCESS,0.6532175689479061,0.5232704402515723,0.5,0.5
1418,GO_LEUKOCYTE_MIGRATION,0.6453524004085802,0.5062893081761006,0.4291113381001021,0.5591194968553459
1419,GO_NEGATIVE_REGULATION_OF_INTRACELLULAR_PROTEIN_TRANSPORT,0.575076608784474,0.5591194968553459,0.4887640449438202,0.5238993710691824
1420,GO_MEIOSIS_I,0.6157303370786515,0.5547169811320755,0.4364657814096016,0.5911949685534591
1421,GO_SENSORY_PERCEPTION_OF_PAIN,0.6424923391215527,0.6119496855345912,0.4458631256384065,0.5647798742138365
1422,GO_NEGATIVE_REGULATION_OF_GENE_EXPRESSION_EPIGENETIC,0.6058222676200203,0.5911949685534591,0.4617977528089887,0.5144654088050314
1423,GO_ALDITOL_METABOLIC_PROCESS,0.5519918283963228,0.529559748427673,0.49785495403472924,0.49056603773584906
1424,GO_MITOCHONDRIAL_ELECTRON_TRANSPORT_UBIQUINOL_TO_CYTOCHROME_C,0.5,0.5,0.4943820224719101,0.49056603773584906
1425,GO_REGULATION_OF_ANATOMICAL_STRUCTURE_SIZE,0.6880490296220633,0.6974842767295598,0.47589376915219606,0.6125786163522013
1426,GO_REGULATION_OF_CELL_PROLIFERATION_INVOLVED_IN_KIDNEY_DEVELOPMENT,0.5334014300306436,0.5333333333333333,0.4662921348314607,0.5238993710691824
1427,GO_POSITIVE_REGULATION_OF_MITOCHONDRION_ORGANIZATION,0.6874361593462717,0.5968553459119497,0.4477017364657814,0.5654088050314465
1428,GO_POSITIVE_REGULATION_OF_CATALYTIC_ACTIVITY,0.6985699693564862,0.6188679245283019,0.48294177732379984,0.5389937106918239
1429,GO_POSITIVE_REGULATION_OF_SIGNAL_TRANSDUCTION_BY_P53_CLASS_MEDIATOR,0.5572012257405515,0.560377358490566,0.5,0.5
1430,GO_PEPTIDYL_LYSINE_MODIFICATION,0.676608784473953,0.5723270440251572,0.42175689479060263,0.5515723270440251
1431,GO_METHYLATION_DEPENDENT_CHROMATIN_SILENCING,0.5424923391215526,0.5578616352201258,0.5,0.5
1432,GO_REGULATION_OF_LIPOPROTEIN_LIPASE_ACTIVITY,0.5342185903983656,0.5144654088050314,0.49356486210418793,0.5666666666666667
1433,GO_HORMONE_MEDIATED_SIGNALING_PATHWAY,0.6772216547497446,0.5119496855345912,0.4508682328907049,0.4779874213836478
1434,GO_ANDROGEN_BIOSYNTHETIC_PROCESS,0.5251276813074566,0.5666666666666667,0.5,0.5
1435,GO_NEGATIVE_REGULATION_OF_PROTEIN_BINDING,0.625229826353422,0.5452830188679245,0.46966292134831455,0.5572327044025157
1436,GO_POSITIVE_REGULATION_OF_OLIGODENDROCYTE_DIFFERENTIATION,0.5277834525025537,0.5383647798742138,0.4991828396322778,0.5666666666666667
1437,GO_AXONEMAL_DYNEIN_COMPLEX_ASSEMBLY,0.5507660878447396,0.5339622641509434,0.49356486210418793,0.5333333333333333
1438,GO_REGULATION_OF_LIPID_METABOLIC_PROCESS,0.6707865168539328,0.5679245283018869,0.4510725229826354,0.44025157232704404
1439,GO_HEMIDESMOSOME_ASSEMBLY,0.5443309499489275,0.5433962264150943,0.47405515832482126,0.4767295597484277
1440,GO_MAST_CELL_ACTIVATION,0.5264555669050051,0.5490566037735849,0.478855975485189,0.5666666666666667
1441,GO_RESPONSE_TO_EXTERNAL_STIMULUS,0.6954034729315628,0.5830188679245283,0.5234933605720123,0.5899371069182391
1442,GO_PROTEIN_IMPORT_INTO_NUCLEUS_TRANSLOCATION,0.5195097037793667,0.5238993710691824,0.46220633299284986,0.5050314465408805
1443,GO_REGULATION_OF_ADENYLATE_CYCLASE_ACTIVITY,0.6447395301327886,0.6012578616352201,0.4794688457609806,0.4578616352201258
1444,GO_POSITIVE_REGULATION_OF_LEUKOCYTE_DIFFERENTIATION,0.6629213483146068,0.5477987421383648,0.47752808988764045,0.5238993710691824
1445,GO_MITOCHONDRIAL_MEMBRANE_ORGANIZATION,0.5514811031664963,0.5245283018867924,0.449438202247191,0.5465408805031446
1446,GO_POSITIVE_REGULATION_OF_NEUTROPHIL_MIGRATION,0.5481103166496425,0.5289308176100629,0.478855975485189,0.5383647798742138
1447,GO_INTRA_GOLGI_VESICLE_MEDIATED_TRANSPORT,0.5957099080694587,0.6182389937106919,0.4922369765066394,0.4811320754716981
1448,GO_REGULATION_OF_SPINDLE_CHECKPOINT,0.5707865168539324,0.5572327044025157,0.5,0.5
1449,GO_POSITIVE_REGULATION_OF_STRIATED_MUSCLE_CONTRACTION,0.5243105209397344,0.5238993710691824,0.4866189989785495,0.5333333333333333
1450,GO_ANATOMICAL_STRUCTURE_REGRESSION,0.5620020429009193,0.5811320754716981,0.49009193054136874,0.5144654088050314
1451,GO_CEREBRAL_CORTEX_NEURON_DIFFERENTIATION,0.5798774259448417,0.6144654088050314,0.4887640449438202,0.5238993710691824
1452,GO_OVARIAN_FOLLICLE_DEVELOPMENT,0.5929519918283963,0.48050314465408805,0.4837589376915219,0.5886792452830188
1453,GO_REGULATION_OF_VENTRICULAR_CARDIAC_MUSCLE_CELL_ACTION_POTENTIAL,0.5502553626149133,0.4811320754716981,0.4927477017364658,0.5289308176100629
1454,GO_REGULATION_OF_MYOBLAST_DIFFERENTIATION,0.5927477017364658,0.47735849056603774,0.4887640449438202,0.49056603773584906
1455,GO_GLUCAN_METABOLIC_PROCESS,0.6105209397344229,0.49433962264150944,0.5,0.5
1456,GO_CARDIAC_ATRIUM_DEVELOPMENT,0.5985699693564862,0.529559748427673,0.4844739530132789,0.4716981132075472
1457,GO_NEGATIVE_REGULATION_OF_CELLULAR_RESPONSE_TO_GROWTH_FACTOR_STIMULUS,0.7135852911133809,0.588679245283019,0.49530132788559755,0.48930817610062893
1458,GO_FATTY_ACID_HOMEOSTASIS,0.5566905005107252,0.5477987421383648,0.4866189989785495,0.4811320754716981
1459,GO_NUCLEOTIDE_SUGAR_METABOLIC_PROCESS,0.5528089887640449,0.5050314465408805,0.4866189989785495,0.5238993710691824
1460,GO_ENERGY_DERIVATION_BY_OXIDATION_OF_ORGANIC_COMPOUNDS,0.6562819203268642,0.5320754716981132,0.47681307456588357,0.5132075471698113
1461,GO_REGULATION_OF_PLATELET_AGGREGATION,0.5692543411644536,0.5735849056603773,0.49570990806945864,0.5238993710691824
1462,GO_POSITIVE_REGULATION_OF_PROTEIN_IMPORT_INTO_NUCLEUS_TRANSLOCATION,0.5398365679264555,0.5333333333333333,0.5,0.5
1463,GO_POSITIVE_REGULATION_OF_CARDIAC_MUSCLE_CONTRACTION,0.5208375893769153,0.49056603773584906,0.4914198161389173,0.5144654088050314
1464,GO_REGULATION_OF_SUBSTRATE_ADHESION_DEPENDENT_CELL_SPREADING,0.6048008171603677,0.5641509433962264,0.4665985699693565,0.5666666666666667
1465,GO_NEPHRIC_DUCT_DEVELOPMENT,0.5447395301327885,0.5069182389937107,0.4718079673135853,0.4861635220125786
1466,GO_POST_GOLGI_VESICLE_MEDIATED_TRANSPORT,0.610214504596527,0.6100628930817611,0.4612870275791624,0.5465408805031446
1467,GO_ERROR_FREE_TRANSLESION_SYNTHESIS,0.5216547497446373,0.5238993710691824,0.4943820224719101,0.4716981132075472
1468,GO_EYE_PHOTORECEPTOR_CELL_DIFFERENTIATION,0.5993871297242083,0.6515723270440251,0.4737487231869254,0.48867924528301887
1469,GO_RESPONSE_TO_TESTOSTERONE,0.5838610827374872,0.5377358490566038,0.4922369765066394,0.5238993710691824
1470,GO_CENTRIOLE_ASSEMBLY,0.5403472931562819,0.5716981132075472,0.45056179775280897,0.5383647798742138
1471,GO_REGULATION_OF_HEMOPOIESIS,0.6281920326864147,0.589937106918239,0.509090909090909,0.6496855345911949
1472,GO_ATRIAL_SEPTUM_DEVELOPMENT,0.5653728294177732,0.6144654088050314,0.4866189989785495,0.5333333333333333
1473,GO_DETECTION_OF_TEMPERATURE_STIMULUS,0.5446373850868234,0.5477987421383648,0.47191011235955055,0.5238993710691824
1474,GO_ION_TRANSMEMBRANE_TRANSPORT,0.679979570990807,0.5446540880503145,0.48723186925434114,0.560377358490566
1475,GO_ENAMEL_MINERALIZATION,0.5216547497446373,0.4811320754716981,0.4844739530132789,0.5238993710691824
1476,GO_POSITIVE_REGULATION_OF_CALCIUM_MEDIATED_SIGNALING,0.6012257405515833,0.5981132075471698,0.4943820224719101,0.49056603773584906
1477,GO_NEURAL_CREST_CELL_MIGRATION,0.6134831460674157,0.5106918238993711,0.46853932584269664,0.5452830188679245
1478,GO_SPINAL_CORD_MOTOR_NEURON_CELL_FATE_SPECIFICATION,0.6115423901940756,0.5955974842767295,0.49785495403472924,0.5238993710691824
1479,GO_REGULATION_OF_GLYCOPROTEIN_METABOLIC_PROCESS,0.5909090909090908,0.5477987421383648,0.47538304392236974,0.49559748427672956
1480,GO_INTRACELLULAR_SIGNAL_TRANSDUCTION,0.6884576098059243,0.6100628930817611,0.4779366700715015,0.6125786163522013
1481,GO_REGULATION_OF_BEHAVIOR,0.6150153217568948,0.5314465408805031,0.4840653728294178,0.5144654088050314
1482,GO_PYRIMIDINE_NUCLEOTIDE_METABOLIC_PROCESS,0.5481103166496425,0.5666666666666667,0.48314606741573035,0.5333333333333333
1483,GO_GLYCOLIPID_CATABOLIC_PROCESS,0.5216547497446373,0.49056603773584906,0.4943820224719101,0.49056603773584906
1484,GO_SYNAPTIC_VESICLE_ENDOCYTOSIS,0.5673135852911133,0.49559748427672956,0.4732379979570991,0.5578616352201258
1485,GO_POSITIVE_REGULATION_OF_PROTEIN_TYROSINE_KINASE_ACTIVITY,0.6027579162410623,0.5754716981132075,0.4713993871297242,0.5364779874213836
1486,GO_POSITIVE_REGULATION_OF_HEART_RATE,0.5269662921348314,0.5157232704402516,0.4810010214504596,0.5157232704402516
1487,GO_PALATE_DEVELOPMENT,0.6399387129724209,0.550314465408805,0.47752808988764045,0.49559748427672956
1488,GO_INNATE_IMMUNE_RESPONSE_ACTIVATING_CELL_SURFACE_RECEPTOR_SIGNALING_PATHWAY,0.5665985699693564,0.45660377358490567,0.4372829417773238,0.5647798742138365
1489,GO_PATTERNING_OF_BLOOD_VESSELS,0.6565883554647599,0.48427672955974843,0.4943820224719101,0.4811320754716981
1490,GO_REGULATION_OF_HOMEOSTATIC_PROCESS,0.7069458631256385,0.6396226415094339,0.47701736465781414,0.540251572327044
1491,GO_FATTY_ACID_BETA_OXIDATION_USING_ACYL_COA_OXIDASE,0.541164453524004,0.5238993710691824,0.4887640449438202,0.5238993710691824
1492,GO_POSITIVE_REGULATION_OF_VASOCONSTRICTION,0.5719101123595506,0.5628930817610063,0.4721144024514811,0.5314465408805031
1493,GO_GOLGI_TO_PLASMA_MEMBRANE_TRANSPORT,0.5695607763023494,0.5415094339622641,0.4846782431052094,0.49056603773584906
1494,GO_PROTEIN_TARGETING_TO_MEMBRANE,0.6100102145045966,0.569811320754717,0.48355464759959144,0.5528301886792453
1495,GO_MITOTIC_CELL_CYCLE,0.713891726251277,0.5962264150943396,0.4070480081716037,0.6025157232704403
1496,GO_REGULATION_OF_FEEDING_BEHAVIOR,0.5360572012257405,0.560377358490566,0.4844739530132789,0.49056603773584906
1497,GO_REGULATION_OF_THYMOCYTE_AGGREGATION,0.6116445352400409,0.5540880503144654,0.4810010214504596,0.5144654088050314
1498,GO_PROTEIN_COMPLEX_BIOGENESIS,0.7017364657814096,0.5981132075471698,0.5088866189989785,0.5773584905660377
1499,GO_REGULATION_OF_MULTICELLULAR_ORGANISM_GROWTH,0.6468845760980593,0.5125786163522013,0.46629213483146065,0.540251572327044
1500,GO_REGULATION_OF_KIDNEY_DEVELOPMENT,0.6005107252298263,0.5735849056603773,0.4564862104187948,0.6050314465408805
1501,GO_MACROMOLECULAR_COMPLEX_DISASSEMBLY,0.6256384065372829,0.6962264150943396,0.4704800817160367,0.5528301886792453
1502,GO_POSITIVE_REGULATION_OF_CELLULAR_COMPONENT_BIOGENESIS,0.6931562819203269,0.5471698113207547,0.4564862104187946,0.6364779874213837
1503,GO_POSITIVE_REGULATION_OF_MITOCHONDRIAL_MEMBRANE_PERMEABILITY,0.5160367722165474,0.5333333333333333,0.4887640449438202,0.49056603773584906
1504,GO_COMPLEMENT_ACTIVATION,0.617364657814096,0.5647798742138365,0.45658835546475995,0.5245283018867924
1505,GO_REGULATION_OF_CATECHOLAMINE_SECRETION,0.5605720122574055,0.4981132075471698,0.46966292134831455,0.5383647798742138
1506,GO_BONE_DEVELOPMENT,0.7070480081716037,0.5748427672955975,0.4527068437180797,0.6150943396226416
1507,GO_NEGATIVE_REGULATION_OF_INTRACELLULAR_STEROID_HORMONE_RECEPTOR_SIGNALING_PATHWAY,0.5654749744637385,0.4528301886792453,0.48866189989785497,0.5144654088050314
1508,GO_DERMATAN_SULFATE_PROTEOGLYCAN_METABOLIC_PROCESS,0.5979570990806946,0.5207547169811321,0.4966292134831461,0.4716981132075472
1509,GO_REGULATION_OF_BIOMINERAL_TISSUE_DEVELOPMENT,0.6540347293156281,0.5169811320754717,0.4738508682328907,0.540251572327044
1510,GO_REGULATION_OF_AMINE_TRANSPORT,0.6040858018386109,0.6226415094339622,0.4572012257405516,0.5823899371069182
1511,GO_SMOOTH_MUSCLE_TISSUE_DEVELOPMENT,0.6212461695607763,0.6358490566037737,0.4823289070480081,0.4811320754716981
1512,GO_NEGATIVE_REGULATION_OF_HEMATOPOIETIC_PROGENITOR_CELL_DIFFERENTIATION,0.5181818181818182,0.4811320754716981,0.4922369765066394,0.5238993710691824
1513,GO_NEGATIVE_REGULATION_OF_NUCLEOSIDE_METABOLIC_PROCESS,0.5704800817160368,0.5911949685534591,0.5,0.5
1514,GO_NEGATIVE_REGULATION_OF_CATION_CHANNEL_ACTIVITY,0.5686414708886618,0.6503144654088051,0.4922369765066394,0.4811320754716981
1515,GO_NCRNA_PROCESSING,0.6753830439223697,0.5276729559748428,0.46057201225740546,0.5962264150943396
1516,GO_NEGATIVE_REGULATION_OF_TRANSPORT,0.7119509703779366,0.5867924528301888,0.44749744637385086,0.6062893081761006
1517,GO_THYMOCYTE_AGGREGATION,0.5831460674157304,0.5893081761006289,0.4922369765066394,0.5144654088050314
1518,GO_LEYDIG_CELL_DIFFERENTIATION,0.5307456588355465,0.5666666666666667,0.5,0.5
1519,GO_AMINE_METABOLIC_PROCESS,0.6521961184882534,0.6220125786163522,0.4721144024514811,0.4761006289308176
1520,GO_DNA_MODIFICATION,0.6406537282941778,0.5440251572327044,0.4725229826353422,0.46226415094339623
1521,GO_PROTEIN_LOCALIZATION_TO_MEMBRANE,0.6752808988764045,0.5981132075471698,0.4231869254341164,0.5547169811320755
1522,GO_RNA_SURVEILLANCE,0.5216547497446373,0.4716981132075472,0.49785495403472924,0.5238993710691824
1523,GO_MITOTIC_SPINDLE_ASSEMBLY,0.5864147088866191,0.589937106918239,0.49785495403472924,0.5333333333333333
1524,GO_REGULATION_OF_GRANULOCYTE_DIFFERENTIATION,0.5433094994892748,0.49056603773584906,0.5,0.5
1525,GO_RESPONSE_TO_ALKALOID,0.6496424923391215,0.5452830188679245,0.46241062308478037,0.5622641509433962
1526,GO_REGULATION_OF_MESENCHYMAL_CELL_PROLIFERATION,0.5909090909090909,0.6345911949685534,0.4991828396322778,0.5666666666666667
1527,GO_MORPHOGENESIS_OF_AN_EPITHELIAL_FOLD,0.5661899897854953,0.6176100628930817,0.47752808988764045,0.4811320754716981
1528,GO_AUTOPHAGY,0.7071501532175689,0.549685534591195,0.4615934627170582,0.5610062893081761
1529,GO_REGULATION_OF_CELL_PROJECTION_ORGANIZATION,0.6478038815117466,0.6132075471698113,0.4401430030643514,0.6534591194968553
1530,GO_REGULATION_OF_ACTIN_FILAMENT_LENGTH,0.652093973442288,0.6201257861635221,0.46159346271705826,0.5433962264150943
1531,GO_REGULATION_OF_TRANSPORTER_ACTIVITY,0.7178753830439225,0.5679245283018869,0.4880490296220633,0.5666666666666667
1532,GO_EATING_BEHAVIOR,0.6185903983656793,0.48050314465408805,0.4866189989785495,0.5333333333333333
1533,GO_GLUTATHIONE_DERIVATIVE_METABOLIC_PROCESS,0.5379979570990807,0.5572327044025157,0.5,0.5
1534,GO_CELL_JUNCTION_ORGANIZATION,0.697344228804903,0.5440251572327044,0.4335035750766088,0.5163522012578616
1535,GO_FOLIC_ACID_CONTAINING_COMPOUND_BIOSYNTHETIC_PROCESS,0.5069458631256384,0.5572327044025157,0.5,0.5
1536,GO_EMBRYONIC_HEART_TUBE_DEVELOPMENT,0.6191011235955056,0.6194968553459119,0.4356486210418795,0.5509433962264151
1537,GO_SPHINGOID_METABOLIC_PROCESS,0.5334014300306436,0.5144654088050314,0.4887640449438202,0.5144654088050314
1538,GO_PROTEIN_DESTABILIZATION,0.52829417773238,0.4528301886792453,0.4606741573033708,0.5238993710691824
1539,GO_NEGATIVE_REGULATION_OF_RESPONSE_TO_FOOD,0.5272727272727272,0.49056603773584906,0.4922369765066394,0.49056603773584906
1540,GO_L_AMINO_ACID_IMPORT,0.5818181818181818,0.5333333333333333,0.4863125638406537,0.5238993710691824
1541,GO_EAR_DEVELOPMENT,0.626046986721144,0.6050314465408805,0.4321756894790602,0.5327044025157233
1542,GO_NEGATIVE_REGULATION_OF_CELL_MATRIX_ADHESION,0.5945863125638406,0.5490566037735849,0.5,0.5
1543,GO_REGULATION_OF_MACROPHAGE_CHEMOTAXIS,0.5825331971399387,0.5144654088050314,0.4914198161389173,0.5572327044025157
1544,GO_LAGGING_STRAND_ELONGATION,0.5181818181818182,0.4811320754716981,0.49356486210418793,0.4811320754716981
1545,GO_POSITIVE_REGULATION_OF_SMOOTH_MUSCLE_CELL_PROLIFERATION,0.589070480081716,0.5415094339622641,0.4914198161389173,0.4949685534591195
1546,GO_MEMBRANE_BUDDING,0.6400408580183861,0.6371069182389937,0.43687436159346277,0.5037735849056604
1547,GO_REGULATION_OF_SYNAPTIC_PLASTICITY,0.6832482124616956,0.5635220125786163,0.39908069458631257,0.5358490566037736
1548,GO_LONG_TERM_SYNAPTIC_DEPRESSION,0.5775280898876404,0.5333333333333333,0.4922369765066394,0.49056603773584906
1549,GO_GLYCOSYLCERAMIDE_METABOLIC_PROCESS,0.5470888661899898,0.540251572327044,0.4943820224719101,0.49056603773584906
1550,GO_CELLULAR_RESPONSE_TO_RETINOIC_ACID,0.6089887640449438,0.569811320754717,0.4866189989785495,0.4811320754716981
1551,GO_NCRNA_TRANSCRIPTION,0.5888661899897856,0.5452830188679245,0.4801838610827375,0.5050314465408805
1552,GO_REGULATION_OF_INTERLEUKIN_1_BETA_PRODUCTION,0.6435137895812054,0.4716981132075472,0.4922369765066394,0.5238993710691824
1553,GO_NEGATIVE_REGULATION_OF_SMOOTH_MUSCLE_CELL_MIGRATION,0.5855975485188968,0.5754716981132075,0.5,0.5
1554,GO_NEGATIVE_REGULATION_OF_INTRINSIC_APOPTOTIC_SIGNALING_PATHWAY,0.62073544433095,0.5874213836477987,0.46670071501532173,0.519496855345912
1555,GO_LIPOXYGENASE_PATHWAY,0.5337078651685393,0.5716981132075472,0.4879468845760981,0.49056603773584906
1556,GO_NEGATIVE_REGULATION_OF_EPITHELIAL_CELL_APOPTOTIC_PROCESS,0.6265577119509704,0.49937106918238994,0.49458631256384067,0.5886792452830188
1557,GO_VESICLE_DOCKING_INVOLVED_IN_EXOCYTOSIS,0.5869254341164454,0.5433962264150943,0.48764044943820223,0.5144654088050314
1558,GO_CD4_POSITIVE_ALPHA_BETA_T_CELL_ACTIVATION,0.5950970377936671,0.49748427672955975,0.44943820224719105,0.5358490566037736
1559,GO_ARTERY_MORPHOGENESIS,0.6534218590398365,0.5547169811320755,0.5,0.5
1560,GO_NEGATIVE_REGULATION_OF_DEFENSE_RESPONSE_TO_VIRUS,0.5160367722165474,0.5050314465408805,0.48314606741573035,0.5333333333333333
1561,GO_POSITIVE_REGULATION_OF_MOLECULAR_FUNCTION,0.6576098059244126,0.6220125786163522,0.4698672114402451,0.5591194968553459
1562,GO_POSITIVE_REGULATION_OF_REGULATED_SECRETORY_PATHWAY,0.6081716036772217,0.6113207547169811,0.4831460674157303,0.5289308176100629
1563,GO_SPROUTING_ANGIOGENESIS,0.5837589376915219,0.6176100628930817,0.48314606741573035,0.49056603773584906
1564,GO_LYMPHOCYTE_ACTIVATION,0.7261491317671093,0.5094339622641509,0.4411644535240041,0.5823899371069182
1565,GO_METALLO_SULFUR_CLUSTER_ASSEMBLY,0.537691521961185,0.49056603773584906,0.4887640449438202,0.49056603773584906
1566,GO_NEGATIVE_REGULATION_OF_RETINOIC_ACID_RECEPTOR_SIGNALING_PATHWAY,0.5524004085801838,0.5666666666666667,0.4991828396322778,0.5238993710691824
1567,GO_SPLICEOSOMAL_TRI_SNRNP_COMPLEX_ASSEMBLY,0.5269662921348315,0.46729559748427674,0.49570990806945864,0.49056603773584906
1568,GO_REGULATION_OF_T_CELL_TOLERANCE_INDUCTION,0.5286006128702758,0.5716981132075472,0.47242083758937686,0.5383647798742138
1569,GO_POSITIVE_REGULATION_OF_RESPONSE_TO_OXIDATIVE_STRESS,0.5456588355464761,0.5666666666666667,0.49805924412665986,0.5144654088050314
1570,GO_PROTEIN_TRIMERIZATION,0.5874361593462718,0.5427672955974843,0.4879468845760981,0.5238993710691824
1571,GO_REGULATION_OF_PEPTIDYL_SERINE_PHOSPHORYLATION,0.6694586312563839,0.5723270440251572,0.473953013278856,0.5157232704402516
1572,GO_PROTEOGLYCAN_METABOLIC_PROCESS,0.7103166496424923,0.4968553459119497,0.49305413687436167,0.540251572327044
1573,GO_NITROGEN_COMPOUND_TRANSPORT,0.6892747701736466,0.5566037735849056,0.48038815117466804,0.48427672955974843
1574,GO_DOPAMINE_METABOLIC_PROCESS,0.6379979570990806,0.5427672955974843,0.48927477017364657,0.560377358490566
1575,GO_DEFENSE_RESPONSE_TO_OTHER_ORGANISM,0.714300306435138,0.5232704402515723,0.4580183861082737,0.5446540880503145
1576,GO_POSITIVE_REGULATION_OF_GLYCOGEN_METABOLIC_PROCESS,0.5727272727272726,0.540251572327044,0.49785495403472924,0.5050314465408805
1577,GO_LEUKOCYTE_PROLIFERATION,0.6106230847803882,0.47547169811320755,0.4606741573033708,0.49559748427672956
1578,GO_POSITIVE_REGULATION_OF_MICROTUBULE_POLYMERIZATION_OR_DEPOLYMERIZATION,0.5638406537282942,0.590566037735849,0.5,0.5
1579,GO_L_ASCORBIC_ACID_METABOLIC_PROCESS,0.5104187946884576,0.4811320754716981,0.4922369765066394,0.5333333333333333
1580,GO_CEREBELLAR_GRANULAR_LAYER_DEVELOPMENT,0.5876404494382023,0.5842767295597484,0.4943820224719101,0.49056603773584906
1581,GO_REGULATION_OF_GENE_EXPRESSION_BY_GENETIC_IMPRINTING,0.5216547497446373,0.49056603773584906,0.4887640449438202,0.49056603773584906
1582,GO_ADHERENS_JUNCTION_ASSEMBLY,0.6111338100102145,0.5490566037735849,0.4887640449438202,0.5333333333333333
1583,GO_SECRETORY_GRANULE_ORGANIZATION,0.6089887640449438,0.5427672955974843,0.49009193054136874,0.5238993710691824
1584,GO_NEGATIVE_REGULATION_OF_POTASSIUM_ION_TRANSPORT,0.5963227783452503,0.5962264150943396,0.4922369765066394,0.4811320754716981
1585,GO_POSITIVE_REGULATION_OF_INTERLEUKIN_12_PRODUCTION,0.5572012257405516,0.5572327044025157,0.4853932584269663,0.5490566037735849
1586,GO_REGULATION_OF_T_CELL_APOPTOTIC_PROCESS,0.5661899897854953,0.5006289308176101,0.47538304392236974,0.5144654088050314
1587,GO_VESICLE_FUSION_TO_PLASMA_MEMBRANE,0.541164453524004,0.4811320754716981,0.4943820224719101,0.49056603773584906
1588,GO_VENTRICULAR_CARDIAC_MUSCLE_TISSUE_DEVELOPMENT,0.6266598569969357,0.4930817610062893,0.46741573033707867,0.5044025157232704
1589,GO_CELLULAR_RESPONSE_TO_INTERFERON_GAMMA,0.7138917262512767,0.5911949685534591,0.44300306435137893,0.5289308176100629
1590,GO_NEGATIVE_REGULATION_OF_HISTONE_METHYLATION,0.5544433094994892,0.5383647798742138,0.5,0.5
1591,GO_REGULATION_OF_GLIAL_CELL_PROLIFERATION,0.5670071501532177,0.49559748427672956,0.4887640449438202,0.5666666666666667
1592,GO_IN_UTERO_EMBRYONIC_DEVELOPMENT,0.7008171603677221,0.6301886792452831,0.4495403472931563,0.5358490566037736
1593,GO_NEGATIVE_REGULATION_OF_BLOOD_CIRCULATION,0.6098059244126659,0.6069182389937107,0.4922369765066394,0.5144654088050314
1594,GO_ER_NUCLEUS_SIGNALING_PATHWAY,0.561491317671093,0.4716981132075472,0.4810010214504596,0.5050314465408805
1595,GO_ETHANOL_METABOLIC_PROCESS,0.5558733401430032,0.5289308176100629,0.4991828396322778,0.5666666666666667
1596,GO_DICARBOXYLIC_ACID_BIOSYNTHETIC_PROCESS,0.5524004085801838,0.5666666666666667,0.49785495403472924,0.5333333333333333
1597,GO_PROTEIN_HETEROTRIMERIZATION,0.5451481103166496,0.5433962264150943,0.4866189989785495,0.49056603773584906
1598,GO_VESICLE_CYTOSKELETAL_TRAFFICKING,0.5828396322778345,0.6194968553459119,0.4758937691521961,0.5050314465408805
1599,GO_REGULATION_OF_TRANSCRIPTION_FACTOR_IMPORT_INTO_NUCLEUS,0.6276813074565883,0.5943396226415094,0.4478038815117466,0.6157232704402515
1600,GO_EPITHELIAL_CILIUM_MOVEMENT,0.5567926455566906,0.5050314465408805,0.4797752808988764,0.5666666666666667
1601,GO_NEGATIVE_REGULATION_OF_MEIOTIC_CELL_CYCLE,0.5467824310520939,0.5333333333333333,0.478855975485189,0.590566037735849
1602,GO_MESENCHYMAL_CELL_DIFFERENTIATION,0.6529111338100102,0.5415094339622641,0.4537282941777323,0.4710691823899371
1603,GO_NEGATIVE_REGULATION_OF_DNA_BIOSYNTHETIC_PROCESS,0.5703779366700714,0.5389937106918239,0.4887640449438202,0.5666666666666667
1604,GO_SHORT_CHAIN_FATTY_ACID_METABOLIC_PROCESS,0.5341164453524003,0.5232704402515723,0.5,0.5
1605,GO_ATRIAL_SEPTUM_MORPHOGENESIS,0.5820224719101124,0.5383647798742138,0.49785495403472924,0.49056603773584906
1606,GO_REGULATION_OF_SMALL_GTPASE_MEDIATED_SIGNAL_TRANSDUCTION,0.7164453524004086,0.6232704402515724,0.47650663942798777,0.5427672955974843
1607,GO_CELLULAR_RESPONSE_TO_GROWTH_HORMONE_STIMULUS,0.5724208375893769,0.5006289308176101,0.5,0.5
1608,GO_REGULATION_OF_INTERLEUKIN_2_BIOSYNTHETIC_PROCESS,0.5637385086823289,0.5490566037735849,0.4914198161389173,0.5572327044025157
1609,GO_RNA_MODIFICATION,0.6348314606741573,0.6886792452830189,0.4424923391215526,0.5553459119496855
1610,GO_CELLULAR_COMPONENT_ASSEMBLY_INVOLVED_IN_MORPHOGENESIS,0.6397344228804902,0.530188679245283,0.4521961184882533,0.5540880503144654
1611,GO_ORGANELLE_FISSION,0.7121552604698672,0.6025157232704403,0.5092951991828397,0.5018867924528302
1612,GO_EMBRYONIC_FORELIMB_MORPHOGENESIS,0.6268641470888663,0.6610062893081761,0.4903983656792646,0.5050314465408805
1613,GO_REGULATION_OF_FIBROBLAST_APOPTOTIC_PROCESS,0.5591419816138917,0.6050314465408805,0.49570990806945864,0.5238993710691824
1614,GO_NOSE_DEVELOPMENT,0.6030643513789582,0.580503144654088,0.4925434116445352,0.5050314465408805
1615,GO_CELL_DIFFERENTIATION_INVOLVED_IN_KIDNEY_DEVELOPMENT,0.603779366700715,0.5647798742138365,0.48314606741573035,0.5666666666666667
1616,GO_REGULATION_OF_TRANSCRIPTION_FROM_RNA_POLYMERASE_III_PROMOTER,0.5723186925434115,0.5477987421383648,0.4879468845760981,0.5238993710691824
1617,GO_MUSCLE_STRUCTURE_DEVELOPMENT,0.7038815117466803,0.5327044025157233,0.4724208375893769,0.5578616352201258
1618,GO_NEGATIVE_REGULATION_OF_CELL_CYCLE_PROCESS,0.6780388151174669,0.5924528301886792,0.47037793667007144,0.5490566037735849
1619,GO_RESPONSE_TO_INCREASED_OXYGEN_LEVELS,0.5674157303370786,0.60062893081761,0.4922369765066394,0.49056603773584906
1620,GO_REGULATION_OF_CHROMATIN_SILENCING,0.5651685393258428,0.6622641509433962,0.4943820224719101,0.49056603773584906
1621,GO_MACROMOLECULAR_COMPLEX_REMODELING,0.6185903983656793,0.5169811320754717,0.4943820224719101,0.5333333333333333
1622,GO_RIBOSOMAL_LARGE_SUBUNIT_ASSEMBLY,0.5474974463738509,0.5238993710691824,0.49009193054136874,0.5238993710691824
1623,GO_MAINTENANCE_OF_LOCATION_IN_CELL,0.6517875383043922,0.4987421383647799,0.4879468845760981,0.5144654088050314
1624,GO_CEREBELLAR_CORTEX_DEVELOPMENT,0.5980592441266599,0.5779874213836478,0.48314606741573035,0.5333333333333333
1625,GO_REGULATION_OF_MICROTUBULE_POLYMERIZATION,0.5628192032686415,0.5050314465408805,0.5,0.5
1626,GO_REGULATION_OF_MESODERM_DEVELOPMENT,0.5541368743615934,0.5981132075471698,0.4943820224719101,0.49056603773584906
1627,GO_T_HELPER_1_TYPE_IMMUNE_RESPONSE,0.5686414708886619,0.5981132075471698,0.5,0.5
1628,GO_POSITIVE_REGULATION_OF_TYPE_2_IMMUNE_RESPONSE,0.5519918283963228,0.5144654088050314,0.4943820224719101,0.49056603773584906
1629,GO_PLASMA_LIPOPROTEIN_PARTICLE_CLEARANCE,0.6286006128702758,0.5490566037735849,0.4970377936670072,0.5572327044025157
1630,GO_CELLULAR_RESPONSE_TO_OXYGEN_LEVELS,0.6436159346271706,0.579874213836478,0.460367722165475,0.5270440251572327
1631,GO_DNA_CATABOLIC_PROCESS,0.5195097037793667,0.5238993710691824,0.4866189989785495,0.49056603773584906
1632,GO_REGULATION_OF_INTRACELLULAR_ESTROGEN_RECEPTOR_SIGNALING_PATHWAY,0.5446373850868234,0.49559748427672956,0.478855975485189,0.46226415094339623
1633,GO_CELLULAR_RESPONSE_TO_HORMONE_STIMULUS,0.6328907048008172,0.5641509433962264,0.4274770173646578,0.5037735849056604
1634,GO_RESPONSE_TO_PROSTAGLANDIN,0.6737487231869255,0.5515723270440251,0.48314606741573035,0.5333333333333333
1635,GO_CELL_FATE_COMMITMENT_INVOLVED_IN_FORMATION_OF_PRIMARY_GERM_LAYER,0.5886618998978549,0.5477987421383648,0.4764044943820224,0.5050314465408805
1636,GO_DNA_REPAIR,0.6635342185903983,0.5628930817610063,0.4605720122574055,0.530188679245283
1637,GO_T_CELL_DIFFERENTIATION_INVOLVED_IN_IMMUNE_RESPONSE,0.597752808988764,0.540251572327044,0.47191011235955055,0.5050314465408805
1638,GO_INSULIN_LIKE_GROWTH_FACTOR_RECEPTOR_SIGNALING_PATHWAY,0.5951991828396324,0.5031446540880503,0.5,0.5
1639,GO_PROTEIN_HETEROTETRAMERIZATION,0.5589376915219612,0.5245283018867924,0.4858018386108274,0.5477987421383648
1640,GO_NEGATIVE_REGULATION_OF_HEART_CONTRACTION,0.6170582226762001,0.5761006289308176,0.4842696629213483,0.5157232704402516
1641,GO_SUBSTRATE_INDEPENDENT_TELENCEPHALIC_TANGENTIAL_MIGRATION,0.5680286006128702,0.6339622641509434,0.5,0.5
1642,GO_SULFUR_COMPOUND_CATABOLIC_PROCESS,0.6175689479060266,0.5276729559748428,0.4760980592441266,0.590566037735849
1643,GO_CHLORIDE_TRANSPORT,0.6898876404494382,0.5930817610062893,0.4500510725229826,0.60062893081761
1644,GO_MICROTUBULE_DEPOLYMERIZATION,0.5608784473953013,0.640251572327044,0.5,0.5
1645,GO_PROTEIN_POLYMERIZATION,0.5767109295199182,0.5138364779874214,0.4810010214504596,0.5666666666666667
1646,GO_CELLULAR_RESPONSE_TO_CORTICOSTEROID_STIMULUS,0.6247191011235955,0.6295597484276729,0.478855975485189,0.4716981132075472
1647,GO_SIGNAL_TRANSDUCTION_IN_RESPONSE_TO_DNA_DAMAGE,0.6593462717058222,0.5308176100628931,0.4866189989785495,0.4716981132075472
1648,GO_COBALAMIN_METABOLIC_PROCESS,0.541164453524004,0.4811320754716981,0.4871297242083759,0.4811320754716981
1649,GO_NEGATIVE_REGULATION_OF_SYSTEMIC_ARTERIAL_BLOOD_PRESSURE,0.5250255362614913,0.5238993710691824,0.4887640449438202,0.5333333333333333
1650,GO_MUSCLE_CONTRACTION,0.6736465781409602,0.5383647798742139,0.42502553626149125,0.6811320754716981
1651,GO_TELOMERE_LOCALIZATION,0.5447395301327885,0.5572327044025157,0.49570990806945864,0.5333333333333333
1652,GO_TRANSITION_METAL_ION_HOMEOSTASIS,0.6114402451481102,0.5308176100628931,0.4393258426966292,0.5308176100628931
1653,GO_REGULATION_OF_ADHERENS_JUNCTION_ORGANIZATION,0.6289070480081715,0.5723270440251572,0.4871297242083759,0.49056603773584906
1654,GO_ENZYME_LINKED_RECEPTOR_PROTEIN_SIGNALING_PATHWAY,0.6979570990806946,0.6427672955974842,0.4442288049029622,0.6490566037735849
1655,GO_PYRIMIDINE_NUCLEOTIDE_CATABOLIC_PROCESS,0.5138917262512769,0.5572327044025157,0.49785495403472924,0.49056603773584906
1656,GO_PROTEIN_KINASE_C_ACTIVATING_G_PROTEIN_COUPLED_RECEPTOR_SIGNALING_PATHWAY,0.5590398365679264,0.6540880503144655,0.4773237997957098,0.6
1657,GO_REGULATION_OF_DEFENSE_RESPONSE_TO_VIRUS_BY_VIRUS,0.5549540347293156,0.5069182389937107,0.47538304392236974,0.46226415094339623
1658,GO_REGULATION_OF_RECEPTOR_INTERNALIZATION,0.583758937691522,0.48553459119496856,0.4764044943820224,0.5383647798742138
1659,GO_REGULATION_OF_CALCIUM_ION_TRANSMEMBRANE_TRANSPORT,0.6576098059244126,0.4968553459119497,0.4584269662921349,0.5371069182389937
1660,GO_PROTEIN_LOCALIZATION_TO_CHROMOSOME_CENTROMERIC_REGION,0.5446373850868234,0.46226415094339623,0.478855975485189,0.4716981132075472
1661,GO_RESPONSE_TO_BACTERIUM,0.6859039836567927,0.6503144654088051,0.46547497446373853,0.5886792452830188
1662,GO_REGULATION_OF_ANTIGEN_PROCESSING_AND_PRESENTATION,0.6113381001021451,0.49559748427672956,0.5,0.5
1663,GO_VASOCONSTRICTION,0.5530132788559755,0.5383647798742138,0.46414708886618994,0.5144654088050314
1664,GO_REGULATION_OF_MITOCHONDRIAL_TRANSLATION,0.5048008171603676,0.49056603773584906,0.5,0.5
1665,GO_POSITIVE_REGULATION_OF_LEUKOCYTE_MIGRATION,0.6487231869254342,0.5132075471698113,0.46404494382022465,0.5144654088050314
1666,GO_CALCIUM_ION_IMPORT,0.6470888661899897,0.5534591194968553,0.48365679264555667,0.5490566037735849
1667,GO_CELL_MATURATION,0.658835546475996,0.5144654088050314,0.5140960163432073,0.5452830188679245
1668,GO_BEHAVIORAL_RESPONSE_TO_PAIN,0.578855975485189,0.5138364779874214,0.49356486210418793,0.5144654088050314
1669,GO_REGULATION_OF_SECRETION,0.6742594484167517,0.5465408805031446,0.4832482124616956,0.5798742138364781
1670,GO_CELLULAR_RESPONSE_TO_TOXIC_SUBSTANCE,0.5745658835546474,0.5622641509433962,0.4887640449438202,0.5333333333333333
1671,GO_MODULATION_OF_TRANSCRIPTION_IN_OTHER_ORGANISM_INVOLVED_IN_SYMBIOTIC_INTERACTION,0.5398365679264555,0.5144654088050314,0.4752808988764045,0.4716981132075472
1672,GO_APOPTOTIC_SIGNALING_PATHWAY,0.6543411644535241,0.48427672955974843,0.4288049029622063,0.5911949685534591
1673,GO_NEURAL_NUCLEUS_DEVELOPMENT,0.5920326864147089,0.6622641509433963,0.4810010214504596,0.49559748427672956
1674,GO_LYMPHOCYTE_MEDIATED_IMMUNITY,0.6570990806945863,0.5616352201257861,0.43237997957099084,0.5924528301886792
1675,GO_REGULATION_OF_HEART_MORPHOGENESIS,0.587946884576098,0.5289308176100629,0.4662921348314607,0.5238993710691824
1676,GO_S_ADENOSYLMETHIONINE_METABOLIC_PROCESS,0.5802860061287027,0.4716981132075472,0.4922369765066394,0.49056603773584906
1677,GO_FC_EPSILON_RECEPTOR_SIGNALING_PATHWAY,0.618896833503575,0.5327044025157233,0.45260469867211434,0.5716981132075472
1678,GO_HIPPOCAMPUS_DEVELOPMENT,0.6179775280898876,0.5276729559748428,0.4810010214504596,0.5238993710691824
1679,GO_REGULATION_OF_PROTEIN_LOCALIZATION_TO_CELL_SURFACE,0.5691521961184882,0.5874213836477987,0.4943820224719101,0.49056603773584906
1680,GO_RIBONUCLEOSIDE_TRIPHOSPHATE_BIOSYNTHETIC_PROCESS,0.5613891726251277,0.4716981132075472,0.48314606741573035,0.5333333333333333
1681,GO_PRIMARY_AMINO_COMPOUND_METABOLIC_PROCESS,0.5854954034729315,0.5383647798742138,0.5,0.5
1682,GO_POSITIVE_REGULATION_OF_TELOMERE_CAPPING,0.5524004085801838,0.4811320754716981,0.4943820224719101,0.49056603773584906
1683,GO_NEGATIVE_REGULATION_OF_AMINE_TRANSPORT,0.5989785495403472,0.5716981132075472,0.49570990806945864,0.5333333333333333
1684,GO_REGULATION_OF_CHROMOSOME_SEGREGATION,0.6604698672114403,0.5666666666666667,0.4867211440245148,0.46226415094339623
1685,GO_POSITIVE_REGULATION_OF_INSULIN_RECEPTOR_SIGNALING_PATHWAY,0.5489274770173647,0.5238993710691824,0.49785495403472924,0.5050314465408805
1686,GO_PONS_DEVELOPMENT,0.5542390194075586,0.5767295597484277,0.5,0.5
1687,GO_PROTEIN_K11_LINKED_UBIQUITINATION,0.5264555669050051,0.5050314465408805,0.49570990806945864,0.49056603773584906
1688,GO_DETECTION_OF_CHEMICAL_STIMULUS_INVOLVED_IN_SENSORY_PERCEPTION_OF_TASTE,0.6078651685393259,0.5490566037735849,0.4887640449438202,0.49056603773584906
1689,GO_REGULATION_OF_MESENCHYMAL_CELL_APOPTOTIC_PROCESS,0.5283963227783453,0.5584905660377358,0.49356486210418793,0.5050314465408805
1690,GO_RESPONSE_TO_INACTIVITY,0.5580183861082737,0.5572327044025157,0.49570990806945864,0.5333333333333333
1691,GO_SPHINGOLIPID_METABOLIC_PROCESS,0.6911133810010215,0.6,0.4364657814096017,0.6289308176100629
1692,GO_RESPONSE_TO_PAIN,0.6203268641470888,0.5849056603773585,0.4943820224719101,0.49056603773584906
1693,GO_PROTEIN_ACETYLATION,0.6253319713993871,0.5660377358490566,0.4507660878447396,0.6176100628930817
1694,GO_POSITIVE_REGULATION_OF_TRANSCRIPTION_ELONGATION_FROM_RNA_POLYMERASE_II_PROMOTER,0.5125638406537283,0.49056603773584906,0.4887640449438202,0.49056603773584906
1695,GO_REGULATION_OF_NUCLEOCYTOPLASMIC_TRANSPORT,0.6648621041879468,0.4849056603773585,0.46108273748723183,0.5446540880503145
1696,GO_NEGATIVE_REGULATION_OF_CALCIUM_ION_IMPORT,0.5195097037793667,0.5333333333333333,0.4710929519918283,0.5572327044025157
1697,GO_CELLULAR_HORMONE_METABOLIC_PROCESS,0.6313585291113382,0.4930817610062893,0.44892747701736463,0.5647798742138365
1698,GO_PTERIDINE_CONTAINING_COMPOUND_METABOLIC_PROCESS,0.5961184882533197,0.5566037735849056,0.49570990806945864,0.49056603773584906
1699,GO_BONE_REMODELING,0.6622063329928498,0.60062893081761,0.4823289070480081,0.4811320754716981
1700,GO_EMBRYONIC_CAMERA_TYPE_EYE_MORPHOGENESIS,0.5733401430030642,0.5276729559748428,0.5,0.5
1701,GO_FORMATION_OF_TRANSLATION_PREINITIATION_COMPLEX,0.5307456588355465,0.49056603773584906,0.47752808988764045,0.5333333333333333
1702,GO_CHEMOKINE_MEDIATED_SIGNALING_PATHWAY,0.5991828396322779,0.5477987421383648,0.4948927477017364,0.5069182389937107
1703,GO_POSITIVE_REGULATION_OF_INTERFERON_BETA_PRODUCTION,0.5643513789581205,0.5383647798742138,0.4511746680286007,0.6069182389937107
1704,GO_NEGATIVE_REGULATION_OF_LEUKOCYTE_MIGRATION,0.5492339121552604,0.5477987421383648,0.4859039836567926,0.4949685534591195
1705,GO_REGULATION_OF_PROTEIN_SECRETION,0.7098059244126661,0.5962264150943396,0.45730337078651684,0.610062893081761
1706,GO_REGULATION_OF_PEPTIDYL_TYROSINE_PHOSPHORYLATION,0.6544433094994894,0.5213836477987421,0.4195097037793668,0.5534591194968553
1707,GO_REGULATION_OF_NATURAL_KILLER_CELL_ACTIVATION,0.5649642492339122,0.5238993710691824,0.4810010214504596,0.5144654088050314
1708,GO_RESPONSE_TO_INSULIN,0.6275791624106232,0.5125786163522013,0.45852911133810015,0.5937106918238994
1709,GO_POSITIVE_REGULATION_OF_FILOPODIUM_ASSEMBLY,0.5733401430030642,0.5779874213836478,0.49009193054136874,0.46226415094339623
1710,GO_REGULATION_OF_MUSCLE_CELL_APOPTOTIC_PROCESS,0.6148110316649643,0.4962264150943396,0.46465781409601636,0.4861635220125786
1711,GO_POSITIVE_REGULATION_OF_NIK_NF_KAPPAB_SIGNALING,0.5986721144024515,0.540251572327044,0.46741573033707867,0.5477987421383648
1712,GO_REGULATION_OF_CATABOLIC_PROCESS,0.6858018386108273,0.5553459119496855,0.459244126659857,0.5352201257861635
1713,GO_REGULATION_OF_CARBOHYDRATE_METABOLIC_PROCESS,0.6776302349336057,0.5327044025157233,0.4946884576098059,0.5647798742138365
1714,GO_NEGATIVE_REGULATION_OF_SYNAPTIC_TRANSMISSION,0.6395301327885597,0.5911949685534591,0.46608784473953024,0.539622641509434
1715,GO_NEGATIVE_REGULATION_OF_CYTOKINE_BIOSYNTHETIC_PROCESS,0.5441266598569969,0.4981132075471698,0.4865168539325842,0.5572327044025157
1716,GO_ROSTROCAUDAL_NEURAL_TUBE_PATTERNING,0.5272727272727272,0.5333333333333333,0.4991828396322778,0.49056603773584906
1717,GO_B_CELL_ACTIVATION,0.6566905005107251,0.5081761006289308,0.4592441266598569,0.5477987421383648
1718,GO_CELL_DEATH_IN_RESPONSE_TO_OXIDATIVE_STRESS,0.5433094994892748,0.5144654088050314,0.4943820224719101,0.49056603773584906
1719,GO_REGULATION_OF_NEURON_DIFFERENTIATION,0.6608784473953013,0.6377358490566036,0.4277834525025536,0.6559748427672957
1720,GO_NEGATIVE_REGULATION_OF_INTERFERON_GAMMA_PRODUCTION,0.6113381001021451,0.5182389937106918,0.4998978549540347,0.44528301886792454
1721,GO_REGULATION_OF_FIBRINOLYSIS,0.5593462717058222,0.5238993710691824,0.5,0.5
1722,GO_NEGATIVE_REGULATION_OF_NF_KAPPAB_TRANSCRIPTION_FACTOR_ACTIVITY,0.6074565883554648,0.48050314465408805,0.4810010214504596,0.5144654088050314
1723,GO_PROTEIN_POLYUBIQUITINATION,0.6588355464759958,0.5742138364779874,0.4163432073544433,0.5157232704402516
1724,GO_RIBONUCLEOPROTEIN_COMPLEX_LOCALIZATION,0.6652706843718079,0.5050314465408805,0.4648621041879468,0.5144654088050314
1725,GO_REGULATION_OF_MRNA_3_END_PROCESSING,0.5269662921348315,0.5062893081761006,0.4991828396322778,0.5238993710691824
1726,GO_REGULATION_OF_PEPTIDE_TRANSPORT,0.6726251276813074,0.6150943396226416,0.46016343207354443,0.5446540880503145
1727,GO_POSITIVE_REGULATION_OF_ION_TRANSPORT,0.683758937691522,0.5031446540880503,0.445658835546476,0.5389937106918239
1728,GO_ATP_BIOSYNTHETIC_PROCESS,0.5458631256384064,0.46226415094339623,0.49785495403472924,0.5333333333333333
1729,GO_CANONICAL_WNT_SIGNALING_PATHWAY,0.6181818181818182,0.5591194968553459,0.44913176710929514,0.5314465408805031
1730,GO_ACUTE_INFLAMMATORY_RESPONSE,0.6577119509703779,0.5823899371069182,0.4823289070480081,0.49559748427672956
1731,GO_NUCLEOBASE_METABOLIC_PROCESS,0.6082737487231868,0.5050314465408805,0.5,0.5
1732,GO_HUMORAL_IMMUNE_RESPONSE,0.6265577119509704,0.5572327044025157,0.44096016343207356,0.6352201257861636
1733,GO_NEGATIVE_REGULATION_OF_INTERLEUKIN_10_PRODUCTION,0.554749744637385,0.5477987421383648,0.4943820224719101,0.5238993710691824
1734,GO_PHAGOSOME_MATURATION,0.5727272727272726,0.6088050314465409,0.4866189989785495,0.5238993710691824
1735,GO_REGULATION_OF_CELLULAR_RESPONSE_TO_HYPOXIA,0.5433094994892748,0.49056603773584906,0.49785495403472924,0.4716981132075472
1736,GO_REGULATION_OF_FEMALE_GONAD_DEVELOPMENT,0.5612870275791624,0.5050314465408805,0.4943820224719101,0.49056603773584906
1737,GO_REGULATION_OF_THYMOCYTE_APOPTOTIC_PROCESS,0.5603677221654749,0.4339622641509434,0.4943820224719101,0.49056603773584906
1738,GO_CHROMATIN_MODIFICATION,0.7063329928498467,0.5559748427672956,0.43922369765066394,0.5113207547169811
1739,GO_MYELOID_LEUKOCYTE_ACTIVATION,0.6223697650663942,0.6257861635220126,0.4394279877425945,0.6314465408805031
1740,GO_REACTIVE_NITROGEN_SPECIES_METABOLIC_PROCESS,0.5756894790602655,0.5050314465408805,0.47191011235955055,0.5144654088050314
1741,GO_ANTERIOR_POSTERIOR_PATTERN_SPECIFICATION,0.7181818181818181,0.5477987421383648,0.4647599591419816,0.5559748427672956
1742,GO_POSITIVE_REGULATION_OF_CELL_DIVISION,0.6700715015321757,0.6169811320754717,0.4382022471910112,0.5767295597484277
1743,GO_EYELID_DEVELOPMENT_IN_CAMERA_TYPE_EYE,0.541164453524004,0.5238993710691824,0.4866189989785495,0.4811320754716981
1744,GO_PIGMENT_BIOSYNTHETIC_PROCESS,0.5828396322778345,0.4981132075471698,0.4869254341164453,0.5144654088050314
1745,GO_ERBB_SIGNALING_PATHWAY,0.6404494382022471,0.5132075471698113,0.4733401430030643,0.4767295597484277
1746,GO_EMBRYONIC_ORGAN_MORPHOGENESIS,0.712461695607763,0.5880503144654089,0.432073544433095,0.5314465408805031
1747,GO_REPRODUCTIVE_SYSTEM_DEVELOPMENT,0.6842696629213483,0.60062893081761,0.42655771195097036,0.5515723270440251
1748,GO_CYTOSOLIC_CALCIUM_ION_TRANSPORT,0.5944841675178754,0.5786163522012578,0.45638406537282944,0.5069182389937107
1749,GO_REGULATION_OF_SPINDLE_ORGANIZATION,0.5524004085801838,0.5333333333333333,0.5,0.5
1750,GO_POSITIVE_REGULATION_OF_CATABOLIC_PROCESS,0.6817160367722166,0.5433962264150943,0.41910112359550566,0.5459119496855346
1751,GO_PHOSPHOLIPID_SCRAMBLING,0.5762002042900918,0.49559748427672956,0.5,0.5
1752,GO_GLIOGENESIS,0.6578140960163432,0.6050314465408805,0.4596527068437181,0.5446540880503145
1753,GO_PEPTIDYL_THREONINE_MODIFICATION,0.5915219611848825,0.5075471698113208,0.4865168539325843,0.6660377358490566
1754,GO_MITOCHONDRIAL_FISSION,0.5,0.5,0.48314606741573035,0.5333333333333333
1755,GO_MATURATION_OF_5_8S_RRNA_FROM_TRICISTRONIC_RRNA_TRANSCRIPT_SSU_RRNA_5_8S_RRNA_LSU_RRNA_,0.5360572012257405,0.5050314465408805,0.49785495403472924,0.5333333333333333
1756,GO_NEGATIVE_REGULATION_OF_SPROUTING_ANGIOGENESIS,0.5424923391215526,0.5238993710691824,0.4810010214504596,0.590566037735849
1757,GO_POLYOL_TRANSPORT,0.5489274770173647,0.5238993710691824,0.4844739530132789,0.510062893081761
1758,GO_REGULATION_OF_CARDIAC_MUSCLE_CONTRACTION_BY_CALCIUM_ION_SIGNALING,0.6215526046986721,0.47861635220125787,0.4922369765066394,0.5144654088050314
1759,GO_ANTIGEN_PROCESSING_AND_PRESENTATION,0.6506639427987742,0.6358490566037736,0.426046986721144,0.6515723270440251
1760,GO_CELLULAR_AMINO_ACID_CATABOLIC_PROCESS,0.6242083758937691,0.5427672955974843,0.4922369765066394,0.5238993710691824
1761,GO_TELENCEPHALON_GLIAL_CELL_MIGRATION,0.5776302349336055,0.5144654088050314,0.4676200204290092,0.5333333333333333
1762,GO_MAINTENANCE_OF_LOCATION,0.6570990806945863,0.570440251572327,0.49182839632277836,0.5477987421383648
1763,GO_NEPHRON_EPITHELIUM_DEVELOPMENT,0.6393258426966292,0.6421383647798742,0.49785495403472924,0.5333333333333333
1764,GO_NEGATIVE_REGULATION_OF_RECEPTOR_ACTIVITY,0.5906026557711952,0.6490566037735849,0.4991828396322778,0.5572327044025157
1765,GO_KERATINOCYTE_DIFFERENTIATION,0.6852911133810011,0.6044025157232705,0.5102145045965272,0.5069182389937107
1766,GO_REGULATION_OF_NITRIC_OXIDE_SYNTHASE_BIOSYNTHETIC_PROCESS,0.5590398365679264,0.5924528301886792,0.49785495403472924,0.49056603773584906
1767,GO_POSITIVE_REGULATION_OF_CALCIUM_ION_TRANSMEMBRANE_TRANSPORT,0.5892747701736467,0.5628930817610063,0.4709908069458631,0.48930817610062893
1768,GO_NEGATIVE_REGULATION_OF_EPITHELIAL_CELL_MIGRATION,0.6175689479060266,0.4867924528301887,0.4943820224719101,0.6
1769,GO_POSITIVE_REGULATION_OF_SYNAPSE_MATURATION,0.5499489274770174,0.5433962264150943,0.5,0.5
1770,GO_PERIPHERAL_NERVOUS_SYSTEM_NEURON_DIFFERENTIATION,0.5680286006128703,0.5911949685534591,0.49356486210418793,0.5238993710691824
1771,GO_CELL_REDOX_HOMEOSTASIS,0.6077630234933606,0.5433962264150943,0.4702757916241062,0.5735849056603773
1772,GO_POSITIVE_REGULATION_OF_SMOOTH_MUSCLE_CONTRACTION,0.5801838610827375,0.47232704402515724,0.4773237997957099,0.4861635220125786
1773,GO_NEGATIVE_REGULATION_OF_GLIAL_CELL_PROLIFERATION,0.5307456588355465,0.5333333333333333,0.4943820224719101,0.5333333333333333
1774,GO_POSITIVE_REGULATION_OF_PROTEIN_SECRETION,0.6824310520939734,0.5207547169811321,0.4886618998978549,0.5050314465408805
1775,GO_POSITIVE_REGULATION_OF_CYTOSKELETON_ORGANIZATION,0.6329928498467825,0.5132075471698113,0.4518896833503575,0.610062893081761
1776,GO_REGULATION_OF_STEROID_HORMONE_SECRETION,0.5487231869254341,0.5578616352201258,0.5,0.5
1777,GO_RESPONSE_TO_KETONE,0.660776302349336,0.5132075471698113,0.4413687436159346,0.660377358490566
1778,GO_NEGATIVE_REGULATION_OF_PROTEIN_KINASE_B_SIGNALING,0.607150153217569,0.6257861635220126,0.48314606741573035,0.5333333333333333
1779,GO_LYMPHANGIOGENESIS,0.56414708886619,0.5383647798742138,0.49009193054136874,0.5333333333333333
1780,GO_REGULATION_OF_POSTSYNAPTIC_MEMBRANE_POTENTIAL,0.6015321756894791,0.5484276729559748,0.49622063329928495,0.5666666666666667
1781,GO_POSITIVE_REGULATION_OF_TOLL_LIKE_RECEPTOR_SIGNALING_PATHWAY,0.5478038815117466,0.5477987421383648,0.48764044943820223,0.590566037735849
1782,GO_SENSORY_PERCEPTION_OF_TASTE,0.590194075587334,0.6069182389937107,0.4786516853932585,0.46226415094339623
1783,GO_FEAR_RESPONSE,0.6067415730337079,0.5308176100628931,0.4892747701736465,0.5666666666666667
1784,GO_REGULATION_OF_CLATHRIN_MEDIATED_ENDOCYTOSIS,0.5851889683350358,0.5547169811320755,0.4887640449438202,0.49056603773584906
1785,GO_REGULATION_OF_ENDOTHELIAL_CELL_MIGRATION,0.6718079673135853,0.459748427672956,0.43452502553626154,0.5433962264150943
1786,GO_LABYRINTHINE_LAYER_BLOOD_VESSEL_DEVELOPMENT,0.5524004085801838,0.5477987421383648,0.47752808988764045,0.4811320754716981
1787,GO_NEURON_NEURON_SYNAPTIC_TRANSMISSION,0.649846782431052,0.639622641509434,0.49356486210418793,0.5528301886792453
1788,GO_INNER_MITOCHONDRIAL_MEMBRANE_ORGANIZATION,0.5558733401430032,0.5477987421383648,0.4887640449438202,0.49056603773584906
1789,GO_CILIUM_MORPHOGENESIS,0.6228804902962206,0.5735849056603773,0.4099080694586313,0.6603773584905661
1790,GO_ENERGY_COUPLED_PROTON_TRANSPORT_DOWN_ELECTROCHEMICAL_GRADIENT,0.5515832482124617,0.4811320754716981,0.5,0.5
1791,GO_POSITIVE_REGULATION_OF_PHOSPHOPROTEIN_PHOSPHATASE_ACTIVITY,0.6149131767109295,0.6050314465408805,0.4767109295199182,0.640251572327044
1792,GO_CELLULAR_MODIFIED_AMINO_ACID_BIOSYNTHETIC_PROCESS,0.5687436159346272,0.540251572327044,0.4844739530132789,0.5238993710691824
1793,GO_PROTEIN_LOCALIZATION_TO_VACUOLE,0.5930541368743616,0.5169811320754717,0.46843718079673136,0.530188679245283
1794,GO_METANEPHRIC_RENAL_VESICLE_MORPHOGENESIS,0.5582226762002042,0.5383647798742138,0.49570990806945864,0.49056603773584906
1795,GO_NEGATIVE_REGULATION_OF_RHO_PROTEIN_SIGNAL_TRANSDUCTION,0.5862104187946884,0.5735849056603773,0.4948927477017364,0.5144654088050314
1796,GO_CELLULAR_RESPONSE_TO_HYDROGEN_PEROXIDE,0.5869254341164454,0.5232704402515723,0.49356486210418793,0.5044025157232704
1797,GO_REGULATION_OF_ORGAN_GROWTH,0.6795709908069458,0.6578616352201259,0.47885597548518893,0.5377358490566038
1798,GO_REGULATION_OF_SYNAPSE_ASSEMBLY,0.6669050051072523,0.5358490566037736,0.49244126659856996,0.5226415094339623
1799,GO_NEGATIVE_REGULATION_OF_NEUROTRANSMITTER_SECRETION,0.5486210418794689,0.5622641509433962,0.5,0.5
1800,GO_POSITIVE_REGULATION_OF_CELL_GROWTH,0.6760980592441267,0.630817610062893,0.4991828396322778,0.5270440251572327
1801,GO_NEGATIVE_REGULATION_OF_OXIDOREDUCTASE_ACTIVITY,0.5927477017364657,0.5628930817610063,0.49570990806945864,0.49056603773584906
1802,GO_EMBRYONIC_DIGESTIVE_TRACT_DEVELOPMENT,0.672114402451481,0.6138364779874214,0.4757916241062308,0.5283018867924528
1803,GO_PROTEIN_O_LINKED_MANNOSYLATION,0.5251276813074566,0.5666666666666667,0.4922369765066394,0.49056603773584906
1804,GO_GUANOSINE_CONTAINING_COMPOUND_BIOSYNTHETIC_PROCESS,0.5216547497446373,0.5050314465408805,0.4810010214504596,0.49056603773584906
1805,GO_BONE_MINERALIZATION,0.581511746680286,0.5490566037735849,0.44841675178753826,0.48930817610062893
1806,GO_REGULATION_OF_TRANSMEMBRANE_RECEPTOR_PROTEIN_SERINE_THREONINE_KINASE_SIGNALING_PATHWAY,0.6762002042900919,0.5641509433962264,0.4634320735444331,0.5314465408805031
1807,GO_CELLULAR_RESPONSE_TO_ORGANIC_SUBSTANCE,0.7078651685393259,0.5635220125786164,0.5287027579162411,0.6578616352201259
1808,GO_OVULATION_CYCLE_PROCESS,0.609805924412666,0.5861635220125786,0.4970377936670072,0.5333333333333333
1809,GO_POSITIVE_REGULATION_OF_CELL_ADHESION,0.701532175689479,0.6415094339622641,0.43534218590398366,0.5094339622641509
1810,GO_PROTEIN_LOCALIZATION_TO_CHROMATIN,0.5481103166496425,0.5333333333333333,0.5,0.5
1811,GO_PROTEIN_O_LINKED_FUCOSYLATION,0.5449438202247191,0.5245283018867924,0.5,0.5
1812,GO_CEREBRAL_CORTEX_DEVELOPMENT,0.6661899897854955,0.6132075471698114,0.4559754851889683,0.6075471698113207
1813,GO_ENDOCRINE_PANCREAS_DEVELOPMENT,0.588661899897855,0.5735849056603773,0.4797752808988764,0.5490566037735849
1814,GO_REGULATION_OF_INTERLEUKIN_8_PRODUCTION,0.5948927477017365,0.5226415094339623,0.478855975485189,0.5572327044025157
1815,GO_RNA_PHOSPHODIESTER_BOND_HYDROLYSIS,0.560367722165475,0.5138364779874214,0.47191011235955055,0.5238993710691824
1816,GO_ORGANIC_ACID_METABOLIC_PROCESS,0.714708886618999,0.5515723270440251,0.4533197139938713,0.5974842767295597
1817,GO_REGULATION_OF_EXCRETION,0.5948927477017365,0.5415094339622641,0.4866189989785495,0.49056603773584906
1818,GO_AROMATIC_AMINO_ACID_FAMILY_METABOLIC_PROCESS,0.6183861082737488,0.5547169811320755,0.4943820224719101,0.4716981132075472
1819,GO_CYCLIC_NUCLEOTIDE_MEDIATED_SIGNALING,0.5586312563840653,0.538993710691824,0.449438202247191,0.49559748427672956
1820,GO_POSITIVE_REGULATION_OF_PHOSPHOLIPID_METABOLIC_PROCESS,0.630949948927477,0.5345911949685535,0.478855975485189,0.5666666666666667
1821,GO_REGULATION_OF_ENDOCRINE_PROCESS,0.5889683350357507,0.5723270440251572,0.4922369765066394,0.5333333333333333
1822,GO_RESPONSE_TO_INSECTICIDE,0.5689479060265578,0.519496855345912,0.4887640449438202,0.49056603773584906
1823,GO_REGULATION_OF_NUCLEAR_TRANSCRIBED_MRNA_POLY_A_TAIL_SHORTENING,0.5491317671092952,0.5364779874213836,0.5,0.5
1824,GO_QUATERNARY_AMMONIUM_GROUP_TRANSPORT,0.5882533197139937,0.5037735849056604,0.4922369765066394,0.5666666666666667
1825,GO_EXIT_FROM_MITOSIS,0.5382022471910113,0.5238993710691824,0.49356486210418793,0.5238993710691824
1826,GO_REGULATION_OF_SYMBIOSIS_ENCOMPASSING_MUTUALISM_THROUGH_PARASITISM,0.6311542390194076,0.5415094339622641,0.42778345250255356,0.5081761006289308
1827,GO_RESPONSE_TO_GROWTH_HORMONE,0.587129724208376,0.5459119496855346,0.4844739530132789,0.4811320754716981
1828,GO_PROTEIN_DEMANNOSYLATION,0.534729315628192,0.48553459119496856,0.4922369765066394,0.5572327044025157
1829,GO_G1_DNA_DAMAGE_CHECKPOINT,0.6023493360572012,0.49748427672955975,0.4887640449438202,0.49056603773584906
1830,GO_POSITIVE_REGULATION_OF_PRI_MIRNA_TRANSCRIPTION_FROM_RNA_POLYMERASE_II_PROMOTER,0.5166496424923391,0.5238993710691824,0.47538304392236974,0.5333333333333333
1831,GO_RESPONSE_TO_OXYGEN_LEVELS,0.6966292134831461,0.6238993710691825,0.40143003064351385,0.6157232704402515
1832,GO_POSITIVE_REGULATION_OF_IMMUNE_SYSTEM_PROCESS,0.6903983656792645,0.6094339622641509,0.44279877425944836,0.6132075471698113
1833,GO_PHOTOTRANSDUCTION_VISIBLE_LIGHT,0.5970377936670072,0.6364779874213836,0.4865168539325842,0.5144654088050314
1834,GO_CELL_COMMUNICATION_INVOLVED_IN_CARDIAC_CONDUCTION,0.6464759959141981,0.6169811320754717,0.49356486210418793,0.5238993710691824
1835,GO_PROTEIN_LOCALIZATION_TO_CHROMOSOME_TELOMERIC_REGION,0.554749744637385,0.5465408805031446,0.4887640449438202,0.49056603773584906
1836,GO_POSITIVE_REGULATION_OF_CALCIUM_ION_TRANSMEMBRANE_TRANSPORTER_ACTIVITY,0.6155260469867212,0.5628930817610063,0.4866189989785495,0.5477987421383648
1837,GO_REGULATION_OF_RECEPTOR_MEDIATED_ENDOCYTOSIS,0.6696629213483146,0.5408805031446541,0.4964249233912156,0.540251572327044
1838,GO_POSITIVE_REGULATION_OF_LYMPHOCYTE_MEDIATED_IMMUNITY,0.5346271705822268,0.5245283018867924,0.4810010214504596,0.5238993710691824
1839,GO_POSITIVE_REGULATION_OF_BIOMINERAL_TISSUE_DEVELOPMENT,0.650561797752809,0.5169811320754717,0.4898876404494382,0.5238993710691824
1840,GO_RESPONSE_TO_TRANSFORMING_GROWTH_FACTOR_BETA,0.6771195097037794,0.5106918238993711,0.4671092951991829,0.5647798742138365
1841,GO_N_ACETYLGLUCOSAMINE_METABOLIC_PROCESS,0.546067415730337,0.6,0.4943820224719101,0.5333333333333333
1842,GO_TRANSCRIPTION_ELONGATION_FROM_RNA_POLYMERASE_II_PROMOTER,0.6154239019407559,0.5622641509433962,0.4568947906026558,0.5289308176100629
1843,GO_OXIDATIVE_PHOSPHORYLATION,0.5258426966292135,0.5144654088050314,0.4943820224719101,0.49056603773584906
1844,GO_APOPTOTIC_NUCLEAR_CHANGES,0.5376915219611849,0.5044025157232704,0.4810010214504596,0.4811320754716981
1845,GO_REGULATION_OF_RAC_PROTEIN_SIGNAL_TRANSDUCTION,0.5843718079673136,0.5748427672955975,0.5,0.5
1846,GO_CELLULAR_AMIDE_METABOLIC_PROCESS,0.7295199182839631,0.510062893081761,0.4153217568947906,0.5006289308176101
1847,GO_PARENTAL_BEHAVIOR,0.541164453524004,0.5144654088050314,0.4866189989785495,0.5333333333333333
1848,GO_REGULATION_OF_DNA_BINDING,0.6740551583248213,0.5559748427672956,0.478855975485189,0.5572327044025157
1849,GO_IMMUNOGLOBULIN_PRODUCTION,0.5677221654749744,0.610691823899371,0.46414708886618994,0.5238993710691824
1850,GO_REGULATION_OF_TRANSFORMING_GROWTH_FACTOR_BETA_PRODUCTION,0.560367722165475,0.5572327044025157,0.49785495403472924,0.4716981132075472
1851,GO_TISSUE_MIGRATION,0.6361593462717058,0.5415094339622641,0.46598569969356485,0.5182389937106918
1852,GO_ONE_CARBON_COMPOUND_TRANSPORT,0.5435137895812053,0.5006289308176101,0.4866189989785495,0.4767295597484277
1853,GO_LEFT_RIGHT_AXIS_SPECIFICATION,0.5498467824310521,0.5666666666666667,0.4922369765066394,0.5333333333333333
1854,GO_RESPONSE_TO_ISCHEMIA,0.6269662921348315,0.5553459119496855,0.4943820224719101,0.49056603773584906
1855,GO_ENSHEATHMENT_OF_NEURONS,0.6560776302349336,0.5911949685534591,0.4620020429009193,0.5716981132075472
1856,GO_POSITIVE_REGULATION_OF_MAST_CELL_ACTIVATION_INVOLVED_IN_IMMUNE_RESPONSE,0.541164453524004,0.5333333333333333,0.4922369765066394,0.49056603773584906
1857,GO_POSITIVE_REGULATION_OF_PHOSPHORUS_METABOLIC_PROCESS,0.6747701736465781,0.6257861635220126,0.48253319713993875,0.5685534591194968
1858,GO_CHROMATIN_DISASSEMBLY,0.5456588355464761,0.5157232704402516,0.4943820224719101,0.5333333333333333
1859,GO_PLATELET_MORPHOGENESIS,0.53585291113381,0.48553459119496856,0.49009193054136874,0.4716981132075472
1860,GO_DENDRITE_MORPHOGENESIS,0.6448416751787538,0.5911949685534591,0.472420837589377,0.6226415094339622
1861,GO_RESPONSE_TO_AMPHETAMINE,0.5943820224719101,0.540251572327044,0.4866189989785495,0.49056603773584906
1862,GO_RESPONSE_TO_CAMP,0.6893769152196119,0.5327044025157233,0.439632277834525,0.5591194968553459
1863,GO_MYOBLAST_DIFFERENTIATION,0.6002042900919307,0.5176100628930818,0.4914198161389173,0.5238993710691824
1864,GO_POSITIVE_REGULATION_OF_ACTIN_NUCLEATION,0.5786516853932583,0.5836477987421383,0.4991828396322778,0.4716981132075472
1865,GO_REGULATION_OF_MEGAKARYOCYTE_DIFFERENTIATION,0.5299284984678243,0.590566037735849,0.5,0.5
1866,GO_NEGATIVE_REGULATION_OF_HEMOPOIESIS,0.6529111338100103,0.6440251572327044,0.4683350357507661,0.5761006289308176
1867,GO_REGULATION_OF_MUSCLE_CELL_DIFFERENTIATION,0.6667007150153218,0.5622641509433962,0.4452502553626149,0.6371069182389937
1868,GO_INNATE_IMMUNE_RESPONSE_IN_MUCOSA,0.5165474974463738,0.5716981132075472,0.49356486210418793,0.49056603773584906
1869,GO_REGULATION_OF_CHEMOKINE_SECRETION,0.5633299284984679,0.5477987421383648,0.5,0.5
1870,GO_RESPONSE_TO_STEROL,0.5524004085801838,0.5050314465408805,0.47088866189989786,0.5647798742138365
1871,GO_REGULATION_OF_ENDOPLASMIC_RETICULUM_STRESS_INDUCED_INTRINSIC_APOPTOTIC_SIGNALING_PATHWAY,0.5642492339121553,0.5981132075471698,0.4922369765066394,0.5666666666666667
1872,GO_RIBOSOMAL_SMALL_SUBUNIT_BIOGENESIS,0.5483146067415732,0.519496855345912,0.4943820224719101,0.49056603773584906
1873,GO_TRABECULA_MORPHOGENESIS,0.6145045965270685,0.6540880503144654,0.47936670071501536,0.5050314465408805
1874,GO_PHOTORECEPTOR_CELL_MAINTENANCE,0.582635342185904,0.610691823899371,0.47650663942798777,0.5955974842767295
1875,GO_REGULATION_OF_CALCIUM_ION_IMPORT,0.6241062308478038,0.6113207547169812,0.44034729315628196,0.6314465408805031
1876,GO_HEPARAN_SULFATE_PROTEOGLYCAN_METABOLIC_PROCESS,0.5326864147088866,0.5081761006289308,0.4910112359550562,0.5226415094339623
1877,GO_INTESTINAL_EPITHELIAL_CELL_DEVELOPMENT,0.5152196118488254,0.4811320754716981,0.5,0.5
1878,GO_CELLULAR_RESPONSE_TO_GLUCAGON_STIMULUS,0.6029622063329929,0.49559748427672956,0.48314606741573035,0.4811320754716981
1879,GO_REGULATION_OF_METAL_ION_TRANSPORT,0.6791624106230848,0.5603773584905661,0.46057201225740546,0.5716981132075472
1880,GO_POSITIVE_REGULATION_OF_T_HELPER_1_TYPE_IMMUNE_RESPONSE,0.5459652706843718,0.5572327044025157,0.49356486210418793,0.5333333333333333
1881,GO_MODIFICATION_BY_SYMBIONT_OF_HOST_MORPHOLOGY_OR_PHYSIOLOGY,0.6266598569969357,0.5226415094339623,0.4732379979570991,0.5144654088050314
1882,GO_SISTER_CHROMATID_SEGREGATION,0.6749744637385086,0.5937106918238994,0.4669050051072523,0.5679245283018868
1883,GO_REGULATION_OF_CELL_MIGRATION_INVOLVED_IN_SPROUTING_ANGIOGENESIS,0.56414708886619,0.5006289308176101,0.4767109295199182,0.5823899371069182
1884,GO_PHASIC_SMOOTH_MUSCLE_CONTRACTION,0.5580183861082737,0.5572327044025157,0.4943820224719101,0.49056603773584906
1885,GO_AXON_ENSHEATHMENT_IN_CENTRAL_NERVOUS_SYSTEM,0.5593462717058222,0.5572327044025157,0.4707865168539325,0.5238993710691824
1886,GO_MONOSACCHARIDE_BIOSYNTHETIC_PROCESS,0.6035750766087845,0.5389937106918239,0.4910112359550562,0.5144654088050314
1887,GO_ORGANELLE_MEMBRANE_FUSION,0.5965270684371808,0.5716981132075472,0.48314606741573035,0.5572327044025157
1888,GO_REGULATION_OF_ERK1_AND_ERK2_CASCADE,0.6903983656792646,0.5886792452830188,0.5008171603677222,0.6270440251572328
1889,GO_REGULATION_OF_T_CELL_MEDIATED_CYTOTOXICITY,0.5304392236976506,0.5245283018867924,0.4914198161389172,0.4981132075471698
1890,GO_CARBOHYDRATE_DERIVATIVE_BIOSYNTHETIC_PROCESS,0.6925434116445353,0.5220125786163522,0.44749744637385086,0.6377358490566039
1891,GO_NEGATIVE_REGULATION_OF_ACTIN_FILAMENT_BUNDLE_ASSEMBLY,0.5467824310520939,0.5666666666666667,0.5,0.5
1892,GO_POSITIVE_REGULATION_OF_CELL_JUNCTION_ASSEMBLY,0.5795709908069459,0.49559748427672956,0.49570990806945864,0.5238993710691824
1893,GO_NONRIBOSOMAL_PEPTIDE_BIOSYNTHETIC_PROCESS,0.5673135852911134,0.5477987421383648,0.48314606741573035,0.49056603773584906
1894,GO_HEART_MORPHOGENESIS,0.709805924412666,0.5484276729559748,0.43033707865168536,0.6660377358490566
1895,GO_RAS_PROTEIN_SIGNAL_TRANSDUCTION,0.667620020429009,0.5415094339622641,0.5071501532175688,0.5314465408805031
1896,GO_NEGATIVE_REGULATION_OF_DENDRITE_DEVELOPMENT,0.5715015321756894,0.6031446540880503,0.44943820224719094,0.489937106918239
1897,GO_REGULATION_OF_HORMONE_SECRETION,0.7024514811031665,0.5779874213836479,0.4844739530132788,0.5333333333333333
1898,GO_REGULATION_OF_CALCIUM_ION_TRANSPORT,0.6710929519918285,0.5748427672955975,0.4479060265577119,0.5710691823899371
1899,GO_SENSORY_PERCEPTION_OF_LIGHT_STIMULUS,0.7311542390194075,0.5138364779874214,0.43258426966292135,0.539622641509434
1900,GO_TERPENOID_METABOLIC_PROCESS,0.7034729315628192,0.5647798742138365,0.4621041879468845,0.5207547169811321
1901,GO_CELL_PROLIFERATION,0.6917262512768131,0.5798742138364781,0.4464759959141982,0.59874213836478
1902,GO_REGULATION_OF_LIPID_KINASE_ACTIVITY,0.6452502553626149,0.49559748427672956,0.4421859039836568,0.5955974842767295
1903,GO_POSITIVE_REGULATION_OF_OSTEOCLAST_DIFFERENTIATION,0.5620020429009193,0.5289308176100629,0.4921348314606741,0.6
1904,GO_LYSOSOME_LOCALIZATION,0.5264555669050051,0.5238993710691824,0.46629213483146065,0.590566037735849
1905,GO_VITAMIN_D_METABOLIC_PROCESS,0.5781409601634321,0.6018867924528302,0.4943820224719101,0.49056603773584906
1906,GO_REGULATION_OF_FIBROBLAST_PROLIFERATION,0.6280898876404494,0.5855345911949685,0.4866189989785495,0.5238993710691824
1907,GO_CELL_AGGREGATION,0.6248212461695608,0.5345911949685535,0.4887640449438202,0.49056603773584906
1908,GO_RESPONSE_TO_HORMONE,0.7025536261491317,0.5559748427672956,0.47711950970377937,0.5515723270440251
1909,GO_REGULATION_OF_SYNCYTIUM_FORMATION_BY_PLASMA_MEMBRANE_FUSION,0.5662921348314607,0.5836477987421383,0.4866189989785495,0.4811320754716981
1910,GO_REGULATION_OF_HEXOKINASE_ACTIVITY,0.5492339121552604,0.4981132075471698,0.4943820224719101,0.49056603773584906
1911,GO_POSITIVE_REGULATION_OF_EXTRINSIC_APOPTOTIC_SIGNALING_PATHWAY_IN_ABSENCE_OF_LIGAND,0.5646578140960163,0.5735849056603773,0.49785495403472924,0.5333333333333333
1912,GO_CATECHOLAMINE_BIOSYNTHETIC_PROCESS,0.5724208375893769,0.5069182389937107,0.4866189989785495,0.49056603773584906
1913,GO_POSITIVE_REGULATION_OF_MUSCLE_HYPERTROPHY,0.6094994892747703,0.5540880503144654,0.4927477017364658,0.5050314465408805
1914,GO_EMBRYONIC_PATTERN_SPECIFICATION,0.6480081716036772,0.5861635220125786,0.45117466802860057,0.5930817610062893
1915,GO_RESPONSE_TO_PROTOZOAN,0.5684371807967314,0.5144654088050314,0.4810010214504596,0.4716981132075472
1916,GO_MULTIVESICULAR_BODY_ORGANIZATION,0.5208375893769153,0.5144654088050314,0.4922369765066394,0.49056603773584906
1917,GO_REGULATION_OF_CELL_GROWTH,0.677732379979571,0.6295597484276729,0.4324821246169561,0.618867924528302
1918,GO_CENTROSOME_CYCLE,0.6201225740551584,0.5484276729559748,0.45638406537282944,0.5477987421383648
1919,GO_RESPONSE_TO_FIBROBLAST_GROWTH_FACTOR,0.6540347293156282,0.5044025157232704,0.46690500510725225,0.5981132075471698
1920,GO_PROTEIN_CARBOXYLATION,0.541164453524004,0.5144654088050314,0.4922369765066394,0.49056603773584906
1921,GO_NEGATIVE_REGULATION_OF_TELOMERE_MAINTENANCE_VIA_TELOMERE_LENGTHENING,0.5355464759959141,0.5050314465408805,0.4887640449438202,0.49056603773584906
1922,GO_DEOXYRIBONUCLEOSIDE_TRIPHOSPHATE_METABOLIC_PROCESS,0.5398365679264555,0.5333333333333333,0.4943820224719101,0.5333333333333333
1923,GO_NUCLEOTIDE_EXCISION_REPAIR_PREINCISION_COMPLEX_ASSEMBLY,0.5217568947906025,0.5144654088050314,0.4732379979570991,0.49056603773584906
1924,GO_POSITIVE_REGULATION_OF_EXTRACELLULAR_MATRIX_ORGANIZATION,0.5643513789581205,0.4761006289308176,0.4810010214504596,0.5333333333333333
1925,GO_LEARNING,0.6691521961184883,0.6540880503144655,0.45474974463738504,0.6578616352201258
1926,GO_CILIUM_ORGANIZATION,0.6734422880490297,0.559748427672956,0.39223697650663936,0.610691823899371
1927,GO_REGULATION_OF_PHOSPHOLIPASE_ACTIVITY,0.6350357507660879,0.49433962264150944,0.44668028600612875,0.5867924528301887
1928,GO_REGULATION_OF_RESPONSE_TO_FOOD,0.5677221654749744,0.5144654088050314,0.4922369765066394,0.49056603773584906
1929,GO_CHONDROCYTE_DIFFERENTIATION,0.6522982635342186,0.5320754716981132,0.4649642492339121,0.4981132075471698
1930,GO_REGULATION_OF_CELLULAR_LOCALIZATION,0.6723186925434117,0.5981132075471698,0.4833503575076609,0.5515723270440251
1931,GO_ADRENERGIC_RECEPTOR_SIGNALING_PATHWAY,0.621144024514811,0.5955974842767295,0.449438202247191,0.49559748427672956
1932,GO_OVULATION,0.5759959141981614,0.5245283018867924,0.4879468845760981,0.49056603773584906
1933,GO_NEGATIVE_REGULATION_OF_TOR_SIGNALING,0.5780388151174668,0.5157232704402516,0.4683350357507661,0.5050314465408805
1934,GO_SUBSTANTIA_NIGRA_DEVELOPMENT,0.56414708886619,0.5955974842767295,0.4853932584269663,0.5383647798742138
1935,GO_MATURATION_OF_SSU_RRNA_FROM_TRICISTRONIC_RRNA_TRANSCRIPT_SSU_RRNA_5_8S_RRNA_LSU_RRNA_,0.5388151174668029,0.5050314465408805,0.49785495403472924,0.5238993710691824
1936,GO_PRODUCTION_OF_MOLECULAR_MEDIATOR_INVOLVED_IN_INFLAMMATORY_RESPONSE,0.5906026557711951,0.6226415094339622,0.5,0.5
1937,GO_PREPULSE_INHIBITION,0.6116445352400409,0.5817610062893082,0.4866189989785495,0.49056603773584906
1938,GO_REGULATION_OF_EARLY_ENDOSOME_TO_LATE_ENDOSOME_TRANSPORT,0.5383043922369766,0.4716981132075472,0.48866189989785497,0.44339622641509435
1939,GO_MIDDLE_EAR_MORPHOGENESIS,0.5915219611848825,0.4981132075471698,0.5,0.5
1940,GO_REGULATION_OF_RECEPTOR_BIOSYNTHETIC_PROCESS,0.5691521961184882,0.5591194968553459,0.49356486210418793,0.5477987421383648
1941,GO_JNK_CASCADE,0.6503575076608784,0.5264150943396226,0.46741573033707867,0.5333333333333333
1942,GO_RESPONSE_TO_SALT_STRESS,0.5213483146067415,0.5245283018867924,0.4943820224719101,0.4716981132075472
1943,GO_ENDODERMAL_CELL_DIFFERENTIATION,0.6261491317671092,0.5761006289308176,0.4752808988764045,0.5433962264150943
1944,GO_PROTEIN_KINASE_B_SIGNALING,0.5634320735444331,0.5006289308176101,0.49131767109295194,0.5276729559748428
1945,GO_SOMITOGENESIS,0.5914198161389173,0.5433962264150943,0.47538304392236974,0.4716981132075472
1946,GO_REGULATION_OF_MULTICELLULAR_ORGANISMAL_DEVELOPMENT,0.6756894790602657,0.6220125786163522,0.5177732379979572,0.6704402515723271
1947,GO_REGULATION_OF_DENDRITIC_SPINE_DEVELOPMENT,0.5919305413687437,0.5735849056603773,0.4567926455566905,0.5641509433962264
1948,GO_NEGATIVE_REGULATION_OF_PROTEIN_ACTIVATION_CASCADE,0.5069458631256384,0.5144654088050314,0.4633299284984678,0.5622641509433962
1949,GO_TRICARBOXYLIC_ACID_METABOLIC_PROCESS,0.5736465781409602,0.5050314465408805,0.47538304392236974,0.5144654088050314
1950,GO_REGULATION_OF_TRIGLYCERIDE_CATABOLIC_PROCESS,0.5835546475995914,0.5735849056603773,0.4991828396322778,0.5666666666666667
1951,GO_NEGATIVE_REGULATION_OF_RESPONSE_TO_EXTRACELLULAR_STIMULUS,0.5898876404494382,0.5836477987421383,0.4922369765066394,0.49056603773584906
1952,GO_HEMATOPOIETIC_STEM_CELL_PROLIFERATION,0.5274770173646578,0.5345911949685535,0.49570990806945864,0.5144654088050314
1953,GO_NEGATIVE_REGULATION_OF_ESTABLISHMENT_OF_PROTEIN_LOCALIZATION,0.6623084780388151,0.5371069182389937,0.45280898876404496,0.5264150943396226
1954,GO_RENAL_TUBULE_DEVELOPMENT,0.6632277834525026,0.5572327044025157,0.4487231869254341,0.5465408805031446
1955,GO_CARDIAC_VENTRICLE_MORPHOGENESIS,0.6508682328907048,0.5735849056603773,0.4823289070480081,0.49559748427672956
1956,GO_ANTIGEN_PROCESSING_AND_PRESENTATION_OF_PEPTIDE_ANTIGEN_VIA_MHC_CLASS_I,0.5661899897854954,0.5452830188679245,0.4221654749744637,0.6157232704402515
1957,GO_REGULATION_OF_THE_FORCE_OF_HEART_CONTRACTION,0.6153217568947906,0.5345911949685535,0.4810010214504596,0.5245283018867924
1958,GO_POSITIVE_REGULATION_OF_EPITHELIAL_CELL_APOPTOTIC_PROCESS,0.5866189989785494,0.5182389937106918,0.4866189989785495,0.4811320754716981
1959,GO_MACROMOLECULAR_COMPLEX_ASSEMBLY,0.7107252298263536,0.6257861635220126,0.4811031664964249,0.6100628930817611
1960,GO_PROTEIN_STABILIZATION,0.639632277834525,0.5943396226415094,0.478855975485189,0.5477987421383648
1961,GO_POSITIVE_REGULATION_OF_INTERLEUKIN_6_SECRETION,0.5489274770173647,0.49056603773584906,0.5,0.5
1962,GO_ASPARTATE_FAMILY_AMINO_ACID_CATABOLIC_PROCESS,0.5748723186925434,0.6050314465408805,0.49570990806945864,0.5666666666666667
1963,GO_NEGATIVE_REGULATION_OF_PROTEIN_SECRETION,0.6289070480081717,0.5666666666666667,0.44463738508682327,0.5433962264150943
1964,GO_NEGATIVE_REGULATION_OF_LIPASE_ACTIVITY,0.5704800817160368,0.5911949685534591,0.4922369765066394,0.5238993710691824
1965,GO_REGULATION_OF_CELLULAR_KETONE_METABOLIC_PROCESS,0.6508682328907047,0.45849056603773586,0.4842696629213484,0.5471698113207547
1966,GO_MATURATION_OF_LSU_RRNA,0.5181818181818182,0.49056603773584906,0.5,0.5
1967,GO_RNA_SPLICING_VIA_ENDONUCLEOLYTIC_CLEAVAGE_AND_LIGATION,0.5181818181818182,0.5245283018867924,0.4914198161389173,0.49056603773584906
1968,GO_REGULATION_OF_SYNAPSE_ORGANIZATION,0.6706843718079673,0.5955974842767295,0.44637385086823295,0.5981132075471698
1969,GO_MUSCLE_ADAPTATION,0.5810010214504596,0.5050314465408805,0.4606741573033708,0.5050314465408805
1970,GO_INTERFERON_GAMMA_PRODUCTION,0.5318692543411645,0.4981132075471698,0.5,0.5
1971,GO_OPTIC_NERVE_DEVELOPMENT,0.5740551583248212,0.5144654088050314,0.4922369765066394,0.5144654088050314
1972,GO_PHOSPHOLIPASE_C_ACTIVATING_G_PROTEIN_COUPLED_RECEPTOR_SIGNALING_PATHWAY,0.6201225740551584,0.5628930817610063,0.45199182839632274,0.5119496855345912
1973,GO_REGULATION_OF_KERATINOCYTE_PROLIFERATION,0.606026557711951,0.5509433962264151,0.4730337078651685,0.5477987421383648
1974,GO_GAS_TRANSPORT,0.5411644535240041,0.510062893081761,0.49570990806945864,0.5238993710691824
1975,GO_REGULATION_OF_FIBROBLAST_GROWTH_FACTOR_RECEPTOR_SIGNALING_PATHWAY,0.5954034729315628,0.5069182389937107,0.4858018386108274,0.5144654088050314
1976,GO_REGULATION_OF_MAST_CELL_ACTIVATION,0.5735444330949949,0.4861635220125786,0.4831460674157303,0.4716981132075472
1977,GO_MIDBRAIN_DEVELOPMENT,0.6528089887640449,0.5836477987421383,0.4807967313585291,0.5559748427672956
1978,GO_NEURON_FATE_SPECIFICATION,0.6115423901940756,0.5955974842767295,0.4943820224719101,0.5333333333333333
1979,GO_ORGANIC_ACID_CATABOLIC_PROCESS,0.6400408580183861,0.5220125786163522,0.4234933605720122,0.5641509433962264
1980,GO_REPRODUCTIVE_BEHAVIOR,0.6005107252298264,0.5647798742138365,0.47926455566905,0.5289308176100629
1981,GO_ESTABLISHMENT_OF_TISSUE_POLARITY,0.6115423901940756,0.5276729559748428,0.4922369765066394,0.49056603773584906
1982,GO_REGULATION_OF_NEURON_APOPTOTIC_PROCESS,0.6908069458631256,0.6132075471698113,0.46537282941777325,0.5477987421383649
1983,GO_CELL_SEPARATION_AFTER_CYTOKINESIS,0.5251276813074566,0.4811320754716981,0.4943820224719101,0.49056603773584906
1984,GO_REGULATION_OF_GLUCOSE_IMPORT_IN_RESPONSE_TO_INSULIN_STIMULUS,0.5489274770173647,0.5238993710691824,0.48314606741573035,0.49056603773584906
1985,GO_AMIDE_BIOSYNTHETIC_PROCESS,0.6781409601634321,0.5943396226415094,0.4446373850868233,0.5238993710691824
1986,GO_POSITIVE_REGULATION_OF_EXOCYTOSIS,0.6107252298263535,0.590566037735849,0.4726251276813075,0.5622641509433962
1987,GO_MORPHOGENESIS_OF_AN_EPITHELIAL_SHEET,0.5593462717058222,0.5528301886792453,0.46976506639427984,0.5144654088050314
1988,GO_CHEMOSENSORY_BEHAVIOR,0.5975485188968335,0.5459119496855346,0.5,0.5
1989,GO_PROTEIN_KINASE_C_SIGNALING,0.5404494382022471,0.5144654088050314,0.4866189989785495,0.5333333333333333
1990,GO_GLUCOSE_IMPORT,0.5825331971399387,0.4716981132075472,0.4866189989785495,0.5238993710691824
1991,GO_SISTER_CHROMATID_COHESION,0.6827374872318692,0.5213836477987421,0.48508682328907043,0.589937106918239
1992,GO_REGULATION_OF_I_KAPPAB_KINASE_NF_KAPPAB_SIGNALING,0.7088866189989784,0.6647798742138364,0.422267620020429,0.6943396226415094
1993,GO_REGULATION_OF_PROTEIN_KINASE_A_SIGNALING,0.6200204290091931,0.6320754716981132,0.4943820224719101,0.5333333333333333
1994,GO_HEPATOCYTE_APOPTOTIC_PROCESS,0.5237997957099081,0.5490566037735849,0.4808988764044943,0.5144654088050314
1995,GO_TETRAHYDROFOLATE_METABOLIC_PROCESS,0.5467824310520939,0.5238993710691824,0.5,0.5
1996,GO_ORGAN_MORPHOGENESIS,0.7117466802860062,0.5572327044025158,0.48784473953013274,0.631446540880503
1997,GO_POSITIVE_REGULATION_OF_MULTICELLULAR_ORGANISMAL_PROCESS,0.6492339121552605,0.5672955974842768,0.4868232890704801,0.6345911949685534
1998,GO_REGULATION_OF_NECROTIC_CELL_DEATH,0.5320735444330951,0.5666666666666667,0.4922369765066394,0.5144654088050314
1999,GO_CELLULAR_RESPONSE_TO_CAMP,0.6430030643513789,0.539622641509434,0.4858018386108274,0.5144654088050314
2000,GO_PROTEIN_LOCALIZATION_TO_CHROMOSOME,0.5828396322778345,0.5591194968553459,0.4866189989785495,0.49056603773584906
2001,GO_POSTSYNAPTIC_MEMBRANE_ORGANIZATION,0.5850868232890706,0.519496855345912,0.4858018386108274,0.5477987421383648
2002,GO_CARNITINE_METABOLIC_PROCESS,0.5191011235955056,0.5044025157232704,0.4887640449438202,0.5245283018867924
2003,GO_CYTOPLASMIC_TRANSLATIONAL_INITIATION,0.5208375893769153,0.5477987421383648,0.4844739530132789,0.5238993710691824
2004,GO_COMPLEMENT_ACTIVATION_ALTERNATIVE_PATHWAY,0.574668028600613,0.5981132075471698,0.49131767109295194,0.5144654088050314
2005,GO_CARDIAC_MUSCLE_CELL_DIFFERENTIATION,0.6557711950970377,0.5742138364779874,0.4671092951991829,0.589937106918239
2006,GO_NUCLEOSIDE_TRIPHOSPHATE_METABOLIC_PROCESS,0.6491317671092951,0.5106918238993711,0.4511746680286006,0.6050314465408805
2007,GO_CILIUM_MOVEMENT,0.6122574055158325,0.5119496855345912,0.4620020429009193,0.5333333333333333
2008,GO_BRANCHING_INVOLVED_IN_URETERIC_BUD_MORPHOGENESIS,0.6334014300306434,0.5660377358490566,0.4786516853932584,0.519496855345912
2009,GO_VASCULAR_SMOOTH_MUSCLE_CONTRACTION,0.5529111338100101,0.5383647798742138,0.46966292134831455,0.5144654088050314
2010,GO_REGULATION_OF_RESPONSE_TO_WOUNDING,0.7111338100102145,0.5333333333333333,0.43942798774259445,0.5981132075471699
2011,GO_POSITIVE_T_CELL_SELECTION,0.5930541368743616,0.5150943396226415,0.4887640449438202,0.5238993710691824
2012,GO_CELLULAR_RESPONSE_TO_ARSENIC_CONTAINING_SUBSTANCE,0.5125638406537283,0.49056603773584906,0.47538304392236974,0.4811320754716981
2013,GO_POSITIVE_REGULATION_OF_RECEPTOR_BIOSYNTHETIC_PROCESS,0.5399387129724208,0.5144654088050314,0.49785495403472924,0.4716981132075472
2014,GO_POSITIVE_REGULATION_OF_STEM_CELL_DIFFERENTIATION,0.5874361593462717,0.6339622641509434,0.4640449438202247,0.5150943396226415
2015,GO_REGULATION_OF_HEART_RATE,0.6370786516853932,0.6396226415094339,0.4822267620020429,0.5245283018867924
2016,GO_RESPONSE_TO_PLATELET_DERIVED_GROWTH_FACTOR,0.5392236976506639,0.6144654088050314,0.4943820224719101,0.49056603773584906
2017,GO_REGULATION_OF_EXTRINSIC_APOPTOTIC_SIGNALING_PATHWAY,0.6526046986721143,0.6075471698113207,0.42798774259448424,0.5874213836477987
2018,GO_INTRASPECIES_INTERACTION_BETWEEN_ORGANISMS,0.593973442288049,0.5421383647798742,0.4678243105209397,0.5276729559748428
2019,GO_REGULATION_OF_EXTRINSIC_APOPTOTIC_SIGNALING_PATHWAY_IN_ABSENCE_OF_LIGAND,0.6295199182839633,0.6018867924528302,0.5,0.5
2020,GO_PYRIMIDINE_RIBONUCLEOTIDE_METABOLIC_PROCESS,0.5082737487231869,0.5333333333333333,0.47752808988764045,0.5666666666666667
2021,GO_REGULATION_OF_B_CELL_DIFFERENTIATION,0.5613891726251277,0.5314465408805031,0.4943820224719101,0.5333333333333333
2022,GO_TRANSCRIPTION_FROM_MITOCHONDRIAL_PROMOTER,0.5195097037793667,0.49056603773584906,0.4887640449438202,0.5333333333333333
2023,GO_MAINTENANCE_OF_PROTEIN_LOCALIZATION_IN_ORGANELLE,0.592032686414709,0.5415094339622641,0.5,0.5
2024,GO_MRNA_3_END_PROCESSING,0.596935648621042,0.5044025157232704,0.47752808988764045,0.46729559748427674
2025,GO_POSITIVE_REGULATION_OF_TRANSCRIPTION_FROM_RNA_POLYMERASE_II_PROMOTER_IN_RESPONSE_TO_STRESS,0.5725229826353421,0.5672955974842767,0.49785495403472924,0.4811320754716981
2026,GO_REGULATION_OF_CERAMIDE_BIOSYNTHETIC_PROCESS,0.5229826353421858,0.5238993710691824,0.4879468845760981,0.49056603773584906
2027,GO_REGULATION_OF_LIPASE_ACTIVITY,0.6587334014300307,0.6320754716981132,0.46384065372829414,0.7333333333333334
2028,GO_POLARIZED_EPITHELIAL_CELL_DIFFERENTIATION,0.5524004085801838,0.4811320754716981,0.5,0.5
2029,GO_INNATE_IMMUNE_RESPONSE,0.7187946884576097,0.5786163522012578,0.4926455566905005,0.6396226415094339
2030,GO_CARDIAC_RIGHT_VENTRICLE_MORPHOGENESIS,0.5342185903983656,0.5238993710691824,0.49785495403472924,0.49056603773584906
2031,GO_G_PROTEIN_COUPLED_RECEPTOR_SIGNALING_PATHWAY,0.6719101123595506,0.5446540880503145,0.4925434116445352,0.5515723270440251
2032,GO_DIGESTIVE_TRACT_MORPHOGENESIS,0.6133810010214504,0.5874213836477987,0.48467824310520935,0.5226415094339623
2033,GO_SPERM_EGG_RECOGNITION,0.6175689479060266,0.43522012578616354,0.4810010214504596,0.5144654088050314
2034,GO_GALACTOSE_METABOLIC_PROCESS,0.576608784473953,0.590566037735849,0.49989785495403466,0.5232704402515723
2035,GO_GLOBAL_GENOME_NUCLEOTIDE_EXCISION_REPAIR,0.5299284984678243,0.5232704402515723,0.4732379979570991,0.49056603773584906
2036,GO_REGULATION_OF_ACYL_COA_BIOSYNTHETIC_PROCESS,0.509090909090909,0.5333333333333333,0.4922369765066394,0.49056603773584906
2037,GO_REGULATION_OF_VASCULAR_ENDOTHELIAL_GROWTH_FACTOR_RECEPTOR_SIGNALING_PATHWAY,0.5539325842696629,0.5477987421383648,0.46741573033707867,0.580503144654088
2038,GO_NEGATIVE_REGULATION_OF_MRNA_METABOLIC_PROCESS,0.5470888661899898,0.5157232704402516,0.49009193054136874,0.5050314465408805
2039,GO_REGULATION_OF_TRANSCRIPTION_FROM_RNA_POLYMERASE_I_PROMOTER,0.597752808988764,0.5955974842767295,0.5,0.5
2040,GO_REGULATION_OF_DNA_TEMPLATED_TRANSCRIPTION_INITIATION,0.5602655771195098,0.5490566037735849,0.4943820224719101,0.5289308176100629
2041,GO_REGULATION_OF_CELL_ADHESION_MEDIATED_BY_INTEGRIN,0.5965270684371808,0.5358490566037736,0.49785495403472924,0.4716981132075472
2042,GO_NUCLEOSIDE_TRIPHOSPHATE_BIOSYNTHETIC_PROCESS,0.5886618998978549,0.5050314465408805,0.4865168539325842,0.5666666666666667
2043,GO_GLYOXYLATE_METABOLIC_PROCESS,0.5795709908069459,0.5477987421383648,0.4922369765066394,0.49056603773584906
2044,GO_RELAXATION_OF_MUSCLE,0.5673135852911134,0.5981132075471698,0.4842696629213483,0.5157232704402516
2045,GO_REGULATION_OF_PROTEIN_MODIFICATION_BY_SMALL_PROTEIN_CONJUGATION_OR_REMOVAL,0.677732379979571,0.6125786163522012,0.44126659856996936,0.6314465408805031
2046,GO_CELLULAR_ANION_HOMEOSTASIS,0.5616956077630235,0.4861635220125786,0.5,0.5
2047,GO_TOXIN_METABOLIC_PROCESS,0.5597548518896833,0.5238993710691824,0.5,0.5
2048,GO_COVALENT_CHROMATIN_MODIFICATION,0.6778345250255362,0.5213836477987421,0.43074565883554644,0.5490566037735849
2049,GO_REGULATION_OF_N_METHYL_D_ASPARTATE_SELECTIVE_GLUTAMATE_RECEPTOR_ACTIVITY,0.6028600612870275,0.5157232704402516,0.5,0.5
2050,GO_PURINE_CONTAINING_COMPOUND_BIOSYNTHETIC_PROCESS,0.6352400408580183,0.5283018867924528,0.48335035750766087,0.5559748427672956
2051,GO_NEGATIVE_REGULATION_OF_CELL_CYCLE_ARREST,0.5562819203268642,0.5974842767295597,0.4866189989785495,0.49056603773584906
2052,GO_DNA_DEMETHYLATION,0.5790602655771195,0.6320754716981132,0.5,0.5
2053,GO_POST_EMBRYONIC_MORPHOGENESIS,0.5676200204290092,0.5383647798742138,0.4775280898876405,0.6056603773584905
2054,GO_SKELETAL_MUSCLE_ORGAN_DEVELOPMENT,0.6530132788559754,0.6327044025157234,0.45137895812053114,0.4666666666666667
2055,GO_POSITIVE_REGULATION_OF_RECEPTOR_ACTIVITY,0.6216547497446374,0.6647798742138364,0.4810010214504596,0.5238993710691824
2056,GO_FC_RECEPTOR_SIGNALING_PATHWAY,0.6778345250255363,0.6018867924528303,0.4120531154239019,0.5811320754716981
2057,GO_NEGATIVE_REGULATION_OF_HOMEOSTATIC_PROCESS,0.6640449438202247,0.5566037735849056,0.46220633299284986,0.5169811320754717
2058,GO_APPENDAGE_DEVELOPMENT,0.6804902962206333,0.5754716981132076,0.416241062308478,0.6452830188679245
2059,GO_REGULATION_OF_B_CELL_MEDIATED_IMMUNITY,0.577017364657814,0.5006289308176101,0.45730337078651684,0.5767295597484277
2060,GO_REGULATION_OF_MITOCHONDRIAL_FISSION,0.6039836567926455,0.6169811320754717,0.48314606741573035,0.5333333333333333
2061,GO_NEUTRAL_LIPID_CATABOLIC_PROCESS,0.5934627170582226,0.5427672955974843,0.49060265577119505,0.5383647798742138
2062,GO_POSITIVE_REGULATION_OF_CATECHOLAMINE_SECRETION,0.580388151174668,0.5559748427672956,0.4866189989785495,0.5333333333333333
2063,GO_NEGATIVE_REGULATION_OF_PEPTIDYL_THREONINE_PHOSPHORYLATION,0.509090909090909,0.49056603773584906,0.4887640449438202,0.5333333333333333
2064,GO_REGULATION_OF_CHEMOKINE_PRODUCTION,0.6375893769152197,0.5433962264150943,0.46976506639427984,0.4716981132075472
2065,GO_PROTEIN_AUTOUBIQUITINATION,0.5927477017364657,0.48930817610062893,0.4922369765066394,0.49056603773584906
2066,GO_PORE_COMPLEX_ASSEMBLY,0.6059244126659858,0.5050314465408805,0.49570990806945864,0.49056603773584906
2067,GO_PROTEIN_LIPID_COMPLEX_SUBUNIT_ORGANIZATION,0.6449438202247191,0.5238993710691824,0.4943820224719101,0.5333333333333333
2068,GO_NEGATIVE_REGULATION_OF_T_CELL_APOPTOTIC_PROCESS,0.5695607763023494,0.4761006289308176,0.4914198161389173,0.5144654088050314
2069,GO_NEGATIVE_REGULATION_OF_PHOSPHORUS_METABOLIC_PROCESS,0.6727272727272727,0.5144654088050314,0.4463738508682329,0.4679245283018868
2070,GO_4_HYDROXYPROLINE_METABOLIC_PROCESS,0.5048008171603676,0.5666666666666667,0.4866189989785495,0.5333333333333333
2071,GO_REGULATION_OF_CELL_CYCLE_G1_S_PHASE_TRANSITION,0.6461695607763024,0.5628930817610063,0.45566905005107255,0.47861635220125787
2072,GO_ANION_HOMEOSTASIS,0.6368743615934628,0.550314465408805,0.47262512768130743,0.4861635220125786
2073,GO_LIPOPROTEIN_BIOSYNTHETIC_PROCESS,0.6071501532175689,0.5459119496855346,0.4656792645556691,0.5339622641509434
2074,GO_RESPONSE_TO_FOLLICLE_STIMULATING_HORMONE,0.5537282941777323,0.6,0.49009193054136874,0.46226415094339623
2075,GO_CELLULAR_POTASSIUM_ION_HOMEOSTASIS,0.5776302349336057,0.529559748427673,0.4866189989785495,0.5333333333333333
2076,GO_PROTEIN_MANNOSYLATION,0.5516853932584269,0.5811320754716981,0.4887640449438202,0.5333333333333333
2077,GO_REGULATION_OF_FATTY_ACID_TRANSPORT,0.5856996935648621,0.6465408805031446,0.4943820224719101,0.49056603773584906
2078,GO_HORMONE_BIOSYNTHETIC_PROCESS,0.5978549540347293,0.5050314465408805,0.4620020429009193,0.5572327044025157
2079,GO_ELECTRON_TRANSPORT_CHAIN,0.5893769152196118,0.6333333333333333,0.4943820224719101,0.4811320754716981
2080,GO_REGULATION_OF_CIRCADIAN_SLEEP_WAKE_CYCLE_NON_REM_SLEEP,0.5986721144024515,0.5314465408805031,0.4887640449438202,0.5238993710691824
2081,GO_REGULATION_OF_PATHWAY_RESTRICTED_SMAD_PROTEIN_PHOSPHORYLATION,0.6105209397344229,0.5314465408805031,0.4784473953013279,0.5238993710691824
2082,GO_EXTRACELLULAR_REGULATION_OF_SIGNAL_TRANSDUCTION,0.567926455566905,0.510062893081761,0.5,0.5
2083,GO_NUCLEOTIDE_EXCISION_REPAIR_DNA_GAP_FILLING,0.5315628192032686,0.4861635220125786,0.4738508682328907,0.5006289308176101
2084,GO_GLYCOSPHINGOLIPID_BIOSYNTHETIC_PROCESS,0.6029622063329929,0.5584905660377358,0.49570990806945864,0.5572327044025157
2085,GO_RESPONSE_TO_ORGANIC_CYCLIC_COMPOUND,0.7073544433094996,0.6408805031446541,0.4824310520939734,0.6333333333333333
2086,GO_CELL_COMMUNICATION_BY_ELECTRICAL_COUPLING,0.6013278855975485,0.5874213836477987,0.4866189989785495,0.5333333333333333
2087,GO_ONE_CARBON_METABOLIC_PROCESS,0.5700715015321757,0.5050314465408805,0.4887640449438202,0.5238993710691824
2088,GO_TRANSEPITHELIAL_TRANSPORT,0.6000000000000001,0.5245283018867924,0.4970377936670072,0.5333333333333333
2089,GO_VACUOLAR_ACIDIFICATION,0.5515832482124617,0.4811320754716981,0.48314606741573035,0.5333333333333333
2090,GO_CELL_DIFFERENTIATION_IN_HINDBRAIN,0.5728294177732379,0.5433962264150943,0.5,0.5
2091,GO_REGULATION_OF_INTERLEUKIN_1_PRODUCTION,0.6343207354443309,0.4949685534591195,0.4798774259448417,0.5226415094339623
2092,GO_POSITIVE_REGULATION_OF_ANTIGEN_PROCESSING_AND_PRESENTATION,0.5606741573033708,0.5289308176100629,0.49009193054136874,0.5144654088050314
2093,GO_NEGATIVE_REGULATION_OF_CELL_MORPHOGENESIS_INVOLVED_IN_DIFFERENTIATION,0.6937691521961186,0.48930817610062893,0.4299284984678243,0.5270440251572327
2094,GO_REGULATION_OF_PEROXISOME_PROLIFERATOR_ACTIVATED_RECEPTOR_SIGNALING_PATHWAY,0.5475995914198162,0.5861635220125786,0.4871297242083759,0.5050314465408805
2095,GO_POSITIVE_REGULATION_OF_CD4_POSITIVE_ALPHA_BETA_T_CELL_ACTIVATION,0.5388151174668029,0.4949685534591195,0.4887640449438202,0.5238993710691824
2096,GO_GLYCOPROTEIN_CATABOLIC_PROCESS,0.56414708886619,0.5572327044025157,0.49009193054136874,0.5666666666666667
2097,GO_REGULATION_OF_LYMPHOCYTE_CHEMOTAXIS,0.5775280898876404,0.5333333333333333,0.4970377936670072,0.5238993710691824
2098,GO_RENAL_WATER_HOMEOSTASIS,0.5994892747701737,0.48867924528301887,0.4922369765066394,0.5477987421383648
2099,GO_REGULATION_OF_DNA_METHYLATION,0.5368743615934627,0.49056603773584906,0.47538304392236974,0.5333333333333333
2100,GO_HEART_VALVE_FORMATION,0.5615934627170582,0.4716981132075472,0.49356486210418793,0.539622641509434
2101,GO_MITOTIC_NUCLEAR_DIVISION,0.681103166496425,0.5559748427672956,0.45577119509703784,0.5981132075471698
2102,GO_NEGATIVE_REGULATION_OF_MYELOID_LEUKOCYTE_DIFFERENTIATION,0.6114402451481104,0.519496855345912,0.49570990806945864,0.5238993710691824
2103,GO_FAT_SOLUBLE_VITAMIN_METABOLIC_PROCESS,0.5880490296220633,0.539622641509434,0.4879468845760981,0.4811320754716981
2104,GO_ACTOMYOSIN_STRUCTURE_ORGANIZATION,0.6665985699693563,0.5635220125786164,0.4843718079673136,0.5893081761006289
2105,GO_NUCLEOTIDE_TRANSMEMBRANE_TRANSPORT,0.5,0.5,0.5,0.5
2106,GO_POSITIVE_REGULATION_OF_CELL_CYCLE_PROCESS,0.739632277834525,0.6100628930817611,0.4921348314606741,0.6037735849056604
2107,GO_REGULATION_OF_CHONDROCYTE_DIFFERENTIATION,0.6137895812053115,0.6069182389937107,0.47803881511746676,0.5578616352201258
2108,GO_REGULATION_OF_PSEUDOPODIUM_ASSEMBLY,0.5320735444330951,0.5383647798742138,0.4764044943820224,0.5578616352201258
2109,GO_PALLIUM_DEVELOPMENT,0.6691521961184883,0.6226415094339623,0.43697650663942794,0.5345911949685535
2110,GO_REGULATION_OF_RESPONSE_TO_STRESS,0.70755873340143,0.5867924528301887,0.508682328907048,0.5710691823899371
2111,GO_CARDIAC_CELL_FATE_COMMITMENT,0.5415730337078651,0.5666666666666667,0.4943820224719101,0.49056603773584906
2112,GO_POSITIVE_REGULATION_OF_INTERLEUKIN_1_PRODUCTION,0.6011235955056179,0.4767295597484277,0.49570990806945864,0.49056603773584906
2113,GO_MYOFIBRIL_ASSEMBLY,0.6720122574055157,0.520125786163522,0.4671092951991829,0.589937106918239
2114,GO_NEGATIVE_REGULATION_OF_CHEMOTAXIS,0.6433094994892748,0.5836477987421383,0.49009193054136874,0.5578616352201258
2115,GO_BLOOD_COAGULATION_INTRINSIC_PATHWAY,0.5685393258426967,0.5069182389937107,0.46414708886618994,0.5238993710691824
2116,GO_GLOMERULUS_DEVELOPMENT,0.6088866189989786,0.44528301886792454,0.4767109295199183,0.49559748427672956
2117,GO_TELOMERE_MAINTENANCE_VIA_RECOMBINATION,0.5651685393258428,0.5716981132075472,0.4810010214504596,0.4811320754716981
2118,GO_REGULATION_OF_RELEASE_OF_CYTOCHROME_C_FROM_MITOCHONDRIA,0.5286006128702757,0.5421383647798742,0.4943820224719101,0.49056603773584906
2119,GO_CELL_CELL_SIGNALING_INVOLVED_IN_CARDIAC_CONDUCTION,0.562308478038815,0.5477987421383648,0.4805924412665986,0.5314465408805031
2120,GO_CELLULAR_RESPONSE_TO_THYROID_HORMONE_STIMULUS,0.5537282941777323,0.6,0.4732379979570991,0.5477987421383648
2121,GO_PHOSPHATE_CONTAINING_COMPOUND_METABOLIC_PROCESS,0.6707865168539325,0.5943396226415094,0.4902962206332993,0.6685534591194968
2122,GO_POSITIVE_REGULATION_OF_NF_KAPPAB_TRANSCRIPTION_FACTOR_ACTIVITY,0.6425944841675177,0.5207547169811321,0.4733401430030644,0.550314465408805
2123,GO_MITOCHONDRIAL_RNA_PROCESSING,0.5216547497446373,0.4716981132075472,0.49570990806945864,0.5238993710691824
2124,GO_CELLULAR_LIPID_CATABOLIC_PROCESS,0.642696629213483,0.4867924528301887,0.46353421859039834,0.5314465408805031
2125,GO_REGULATION_OF_CARDIAC_MUSCLE_CELL_ACTION_POTENTIAL,0.5912155260469867,0.5339622641509434,0.4910112359550562,0.5050314465408805
2126,GO_POSITIVE_REGULATION_OF_HAIR_CYCLE,0.5628192032686415,0.5050314465408805,0.4879468845760981,0.6
2127,GO_SYMPATHETIC_NERVOUS_SYSTEM_DEVELOPMENT,0.6127681307456588,0.5716981132075472,0.5,0.5
2128,GO_REGULATION_OF_ALPHA_BETA_T_CELL_DIFFERENTIATION,0.6217568947906027,0.529559748427673,0.49060265577119505,0.6283018867924528
2129,GO_MULTICELLULAR_ORGANISM_GROWTH,0.6726251276813074,0.5389937106918239,0.481511746680286,0.5226415094339623
2130,GO_GRANULOCYTE_MIGRATION,0.5992849846782431,0.5591194968553459,0.4818181818181818,0.5811320754716981
2131,GO_POSITIVE_REGULATION_OF_ANTIGEN_RECEPTOR_MEDIATED_SIGNALING_PATHWAY,0.5574055158324822,0.5578616352201258,0.4823289070480081,0.6050314465408805
2132,GO_NCRNA_METABOLIC_PROCESS,0.7043922369765065,0.5905660377358491,0.4425944841675179,0.5433962264150943
2133,GO_PHOSPHATE_ION_TRANSPORT,0.5439223697650664,0.6257861635220126,0.4991828396322778,0.5144654088050314
2134,GO_NEGATIVE_REGULATION_OF_BMP_SIGNALING_PATHWAY,0.6066394279877425,0.4767295597484277,0.49785495403472924,0.49056603773584906
2135,GO_POSITIVE_REGULATION_OF_NEURAL_PRECURSOR_CELL_PROLIFERATION,0.6156281920326865,0.5622641509433962,0.49356486210418793,0.5811320754716981
2136,GO_REGULATION_OF_CELLULAR_EXTRAVASATION,0.5736465781409601,0.5628930817610063,0.4922369765066394,0.5144654088050314
2137,GO_CARDIAC_MUSCLE_TISSUE_MORPHOGENESIS,0.67170582226762,0.5377358490566038,0.46414708886618994,0.5144654088050314
2138,GO_GRANULOCYTE_ACTIVATION,0.5262512768130745,0.4716981132075472,0.49356486210418793,0.5333333333333333
2139,GO_REGULATION_OF_MACROPHAGE_CYTOKINE_PRODUCTION,0.5297242083758937,0.5477987421383648,0.49785495403472924,0.4811320754716981
2140,GO_PURINE_NUCLEOBASE_BIOSYNTHETIC_PROCESS,0.5251276813074566,0.49056603773584906,0.5,0.5
2141,GO_MITOTIC_G2_DNA_DAMAGE_CHECKPOINT,0.5424923391215526,0.5238993710691824,0.49785495403472924,0.49056603773584906
2142,GO_POSITIVE_REGULATION_OF_PROTEIN_AUTOPHOSPHORYLATION,0.5633299284984679,0.5289308176100629,0.4866189989785495,0.5333333333333333
2143,GO_NEGATIVE_REGULATION_OF_NUCLEOCYTOPLASMIC_TRANSPORT,0.6364657814096015,0.4742138364779874,0.478855975485189,0.5572327044025157
2144,GO_POSITIVE_REGULATION_OF_CELL_ACTIVATION,0.6580183861082738,0.580503144654088,0.43248212461695607,0.6408805031446542
2145,GO_CARBOHYDRATE_BIOSYNTHETIC_PROCESS,0.6559754851889683,0.5679245283018868,0.4497446373850868,0.5289308176100629
2146,GO_AMINO_SUGAR_METABOLIC_PROCESS,0.597752808988764,0.5383647798742138,0.49356486210418793,0.5333333333333333
2147,GO_POSITIVE_REGULATION_OF_NUCLEOTIDE_CATABOLIC_PROCESS,0.5823289070480082,0.540251572327044,0.47191011235955055,0.5238993710691824
2148,GO_REGULATION_OF_CYTOKINESIS,0.6503575076608784,0.5654088050314465,0.4764044943820224,0.4767295597484277
2149,GO_VITAMIN_BIOSYNTHETIC_PROCESS,0.541164453524004,0.5238993710691824,0.4943820224719101,0.49056603773584906
2150,GO_POSITIVE_REGULATION_OF_NON_CANONICAL_WNT_SIGNALING_PATHWAY,0.5367722165474974,0.5823899371069182,0.4802860061287028,0.5383647798742138
2151,GO_MUSCLE_ORGAN_MORPHOGENESIS,0.683758937691522,0.5345911949685535,0.45842696629213475,0.5477987421383648
2152,GO_AMINO_ACID_TRANSPORT,0.6617977528089887,0.6276729559748427,0.4721144024514811,0.5163522012578616
2153,GO_CELLULAR_RESPONSE_TO_EPINEPHRINE_STIMULUS,0.5261491317671092,0.5433962264150943,0.4810010214504596,0.5572327044025157
2154,GO_POSITIVE_REGULATION_OF_CELL_ADHESION_MEDIATED_BY_INTEGRIN,0.5456588355464761,0.5716981132075472,0.5,0.5
2155,GO_REGULATION_OF_MICROTUBULE_BASED_MOVEMENT,0.5945863125638408,0.5006289308176101,0.4880490296220633,0.5477987421383648
2156,GO_EXOCRINE_SYSTEM_DEVELOPMENT,0.5850868232890705,0.5823899371069182,0.4654749744637385,0.5138364779874214
2157,GO_AMINOGLYCAN_METABOLIC_PROCESS,0.6851889683350357,0.5477987421383648,0.4683350357507661,0.5528301886792453
2158,GO_NEGATIVE_REGULATION_OF_MYOBLAST_DIFFERENTIATION,0.5337078651685392,0.5144654088050314,0.4943820224719101,0.5333333333333333
2159,GO_REGULATION_OF_FEVER_GENERATION,0.5171603677221654,0.6213836477987421,0.4879468845760981,0.49056603773584906
2160,GO_DNA_TEMPLATED_TRANSCRIPTIONAL_PREINITIATION_COMPLEX_ASSEMBLY,0.5593462717058222,0.5572327044025157,0.4732379979570991,0.49056603773584906
2161,GO_MACROPHAGE_ACTIVATION,0.5951991828396322,0.44339622641509435,0.45750766087844746,0.6578616352201258
2162,GO_CARDIOBLAST_DIFFERENTIATION,0.5715015321756893,0.529559748427673,0.49356486210418793,0.5144654088050314
2163,GO_CELL_CYCLE_G1_S_PHASE_TRANSITION,0.6219611848825333,0.6088050314465409,0.44412665985699695,0.449685534591195
2164,GO_RNA_SPLICING_VIA_TRANSESTERIFICATION_REACTIONS,0.6495403472931564,0.4817610062893082,0.45240040858018393,0.5081761006289308
2165,GO_BLOOD_VESSEL_MORPHOGENESIS,0.70561797752809,0.5874213836477988,0.45975485188968335,0.4867924528301887
2166,GO_REGULATION_OF_URINE_VOLUME,0.5580183861082737,0.5572327044025157,0.4887640449438202,0.5333333333333333
2167,GO_PHOTORECEPTOR_CELL_DEVELOPMENT,0.5924412665985699,0.6264150943396226,0.45352400408580185,0.4849056603773585
2168,GO_SYNAPTIC_TRANSMISSION_DOPAMINERGIC,0.5899897854954035,0.5050314465408805,0.4943820224719101,0.5333333333333333
2169,GO_PROTEIN_PHOSPHORYLATION,0.7063329928498467,0.6251572327044026,0.4782431052093973,0.5647798742138365
2170,GO_CENTRAL_NERVOUS_SYSTEM_NEURON_DIFFERENTIATION,0.701123595505618,0.6377358490566037,0.41419816138917265,0.5150943396226415
2171,GO_REGULATION_OF_CELL_DIFFERENTIATION,0.6882533197139938,0.6226415094339623,0.48692543411644534,0.6459119496855346
2172,GO_MAINTENANCE_OF_GASTROINTESTINAL_EPITHELIUM,0.5971399387129724,0.5610062893081761,0.5,0.5
2173,GO_ENDOTHELIUM_DEVELOPMENT,0.6648621041879469,0.5333333333333333,0.43258426966292135,0.5981132075471698
2174,GO_DOUBLE_STRAND_BREAK_REPAIR,0.6113381001021451,0.5044025157232704,0.45566905005107255,0.5433962264150943
2175,GO_NUCLEOBASE_CONTAINING_COMPOUND_TRANSPORT,0.6637385086823289,0.5534591194968553,0.4471910112359551,0.4779874213836478
2176,GO_REGULATION_OF_NEURON_MIGRATION,0.6094994892747702,0.5767295597484277,0.469050051072523,0.4710691823899371
2177,GO_METHIONINE_BIOSYNTHETIC_PROCESS,0.547191011235955,0.4811320754716981,0.5,0.5
2178,GO_MULTI_ORGANISM_ORGANELLE_ORGANIZATION,0.5048008171603676,0.5666666666666667,0.4943820224719101,0.49056603773584906
2179,GO_MESONEPHRIC_TUBULE_MORPHOGENESIS,0.6152196118488253,0.49937106918238994,0.4656792645556691,0.5735849056603773
2180,GO_RELEASE_OF_CYTOCHROME_C_FROM_MITOCHONDRIA,0.5467824310520939,0.49056603773584906,0.4922369765066394,0.5138364779874214
2181,GO_REGULATION_OF_CYTOKINE_SECRETION_INVOLVED_IN_IMMUNE_RESPONSE,0.5284984678243105,0.4861635220125786,0.4834525025536261,0.5138364779874214
2182,GO_RESPONSE_TO_INTERLEUKIN_1,0.6119509703779368,0.5823899371069182,0.4595505617977527,0.5213836477987421
2183,GO_EMBRYONIC_HINDLIMB_MORPHOGENESIS,0.615423901940756,0.5647798742138365,0.4844739530132789,0.5144654088050314
2184,GO_WATER_SOLUBLE_VITAMIN_METABOLIC_PROCESS,0.5985699693564863,0.5415094339622641,0.47538304392236974,0.5226415094339623
2185,GO_SIGNAL_TRANSDUCTION_IN_ABSENCE_OF_LIGAND,0.5870275791624107,0.5213836477987421,0.49356486210418793,0.5050314465408805
2186,GO_RNA_CAPPING,0.5299284984678243,0.5144654088050314,0.4732379979570991,0.49056603773584906
2187,GO_MALE_MEIOSIS,0.5968335035750766,0.5484276729559748,0.4308478038815118,0.5490566037735849
2188,GO_LIVER_REGENERATION,0.5439223697650664,0.5415094339622641,0.5,0.5
2189,GO_REGULATION_OF_REACTIVE_OXYGEN_SPECIES_METABOLIC_PROCESS,0.6463738508682328,0.5591194968553459,0.4723186925434116,0.5767295597484277
2190,GO_REGULATION_OF_RENAL_SODIUM_EXCRETION,0.6013278855975486,0.6150943396226415,0.5,0.5
2191,GO_NEGATIVE_REGULATION_OF_DEFENSE_RESPONSE,0.6328907048008171,0.6081761006289308,0.4339121552604698,0.5635220125786163
2192,GO_SPINAL_CORD_PATTERNING,0.6403472931562819,0.5893081761006289,0.4732379979570991,0.5238993710691824
2193,GO_DNA_REPLICATION_INITIATION,0.5477017364657814,0.5289308176100629,0.4865168539325842,0.5666666666666667
2194,GO_ERYTHROCYTE_MATURATION,0.5125638406537283,0.5333333333333333,0.4732379979570991,0.49056603773584906
2195,GO_ETHANOLAMINE_CONTAINING_COMPOUND_METABOLIC_PROCESS,0.6237997957099081,0.5786163522012578,0.46475995914198165,0.5490566037735849
2196,GO_POSITIVE_REGULATION_OF_DENDRITE_DEVELOPMENT,0.6246169560776301,0.5389937106918239,0.4676200204290092,0.5477987421383648
2197,GO_MEMBRANE_DEPOLARIZATION_DURING_CARDIAC_MUSCLE_CELL_ACTION_POTENTIAL,0.5604698672114402,0.5050314465408805,0.4866189989785495,0.5477987421383648
2198,GO_BASIC_AMINO_ACID_TRANSPORT,0.5342185903983656,0.5477987421383648,0.5,0.5
2199,GO_REGULATION_OF_CAMP_MEDIATED_SIGNALING,0.6122574055158325,0.5037735849056604,0.45291113381001014,0.5276729559748428
2200,GO_CELL_MIGRATION_INVOLVED_IN_GASTRULATION,0.5627170582226761,0.5371069182389937,0.5,0.5
2201,GO_ASTROCYTE_DIFFERENTIATION,0.6115423901940756,0.5779874213836478,0.4914198161389173,0.590566037735849
2202,GO_PROTEIN_MONOUBIQUITINATION,0.6088866189989784,0.5276729559748428,0.4865168539325842,0.5245283018867924
2203,GO_POSITIVE_REGULATION_OF_ALPHA_BETA_T_CELL_PROLIFERATION,0.5232890704800817,0.5528301886792453,0.48314606741573035,0.46226415094339623
2204,GO_FACE_DEVELOPMENT,0.5801838610827375,0.4861635220125786,0.47538304392236974,0.4811320754716981
2205,GO_RNA_DESTABILIZATION,0.5334014300306436,0.49056603773584906,0.48314606741573035,0.49056603773584906
2206,GO_RESPONSE_TO_ESTROGEN,0.6621041879468845,0.5270440251572327,0.4529111338100102,0.5371069182389937
2207,GO_DETOXIFICATION,0.6551583248212463,0.5477987421383648,0.4776302349336057,0.5144654088050314
2208,GO_REGULATION_OF_OSTEOBLAST_PROLIFERATION,0.5861082737487233,0.5559748427672956,0.47191011235955055,0.49056603773584906
2209,GO_CILIUM_OR_FLAGELLUM_DEPENDENT_CELL_MOTILITY,0.6340143003064351,0.5742138364779874,0.4970377936670072,0.49559748427672956
2210,GO_VERY_LONG_CHAIN_FATTY_ACID_METABOLIC_PROCESS,0.56414708886619,0.510062893081761,0.4908069458631257,0.6050314465408805
2211,GO_ESTABLISHMENT_OF_PROTEIN_LOCALIZATION_TO_MEMBRANE,0.660776302349336,0.6238993710691825,0.45066394279877425,0.569811320754717
2212,GO_SMALL_GTPASE_MEDIATED_SIGNAL_TRANSDUCTION,0.68488253319714,0.6056603773584905,0.4315628192032686,0.5314465408805031
2213,GO_REGULATION_OF_PEPTIDASE_ACTIVITY,0.7257405515832481,0.6182389937106918,0.4117466802860061,0.6238993710691825
2214,GO_POSITIVE_REGULATION_OF_PROTEIN_SERINE_THREONINE_KINASE_ACTIVITY,0.704902962206333,0.5584905660377358,0.45331971399387133,0.5333333333333333
2215,GO_BROWN_FAT_CELL_DIFFERENTIATION,0.5530132788559755,0.6,0.478855975485189,0.4811320754716981
2216,GO_LIPID_TRANSLOCATION,0.5856996935648621,0.4962264150943396,0.4801838610827375,0.5144654088050314
2217,GO_INOSITOL_METABOLIC_PROCESS,0.5160367722165474,0.5333333333333333,0.4866189989785495,0.4811320754716981
2218,GO_REGULATION_OF_CENTROSOME_CYCLE,0.6075587334014301,0.5528301886792453,0.5,0.5
2219,GO_POSITIVE_REGULATION_OF_TRANSFERASE_ACTIVITY,0.6829417773237998,0.6119496855345912,0.42420837589376914,0.59874213836478
2220,GO_REGULATION_OF_IMMUNE_SYSTEM_PROCESS,0.6872318692543411,0.5591194968553459,0.5045965270684372,0.5943396226415094
2221,GO_PROTEIN_ADP_RIBOSYLATION,0.56414708886619,0.5276729559748428,0.4810010214504596,0.5238993710691824
2222,GO_CELLULAR_SODIUM_ION_HOMEOSTASIS,0.578140960163432,0.5509433962264151,0.4866189989785495,0.5333333333333333
2223,GO_NEGATIVE_REGULATION_OF_CARTILAGE_DEVELOPMENT,0.6144024514811032,0.6138364779874214,0.5,0.5
2224,GO_CHONDROITIN_SULFATE_BIOSYNTHETIC_PROCESS,0.5872318692543411,0.5427672955974843,0.49785495403472924,0.49056603773584906
2225,GO_PROTEIN_SUMOYLATION,0.6436159346271706,0.5150943396226415,0.47926455566905,0.5716981132075472
2226,GO_MEGAKARYOCYTE_DEVELOPMENT,0.5510725229826354,0.6,0.478855975485189,0.5666666666666667
2227,GO_REGULATION_OF_HISTONE_H3_K9_METHYLATION,0.5470888661899898,0.590566037735849,0.5,0.5
2228,GO_VASODILATION,0.537691521961185,0.590566037735849,0.4823289070480081,0.5157232704402516
2229,GO_NEGATIVE_REGULATION_OF_MITOTIC_CELL_CYCLE,0.6822267620020429,0.5339622641509434,0.4981613891726251,0.5767295597484277
2230,GO_NEGATIVE_REGULATION_OF_MOLECULAR_FUNCTION,0.6559754851889683,0.6616352201257862,0.5026557711950971,0.5679245283018868
2231,GO_NEURONAL_ION_CHANNEL_CLUSTERING,0.5563840653728294,0.5622641509433962,0.5,0.5
2232,GO_POSITIVE_REGULATION_OF_AXON_EXTENSION,0.575893769152196,0.529559748427673,0.4634320735444331,0.5490566037735849
2233,GO_REGULATION_OF_ION_HOMEOSTASIS,0.6647599591419815,0.59874213836478,0.48784473953013274,0.5729559748427673
2234,GO_PIGMENT_CELL_DIFFERENTIATION,0.6137895812053115,0.5276729559748428,0.478855975485189,0.5666666666666667
2235,GO_ORGAN_GROWTH,0.6119509703779367,0.48867924528301887,0.458120531154239,0.6584905660377358
2236,GO_REGULATION_OF_LYMPHOCYTE_DIFFERENTIATION,0.6625127681307456,0.610691823899371,0.48059244126659856,0.4981132075471698
2237,GO_REGULATION_OF_BONE_REMODELING,0.5811031664964249,0.6050314465408805,0.478855975485189,0.4811320754716981
2238,GO_GLUCOCORTICOID_BIOSYNTHETIC_PROCESS,0.545250255362615,0.540251572327044,0.5,0.5
2239,GO_REGULATION_OF_T_CELL_PROLIFERATION,0.6402451481103166,0.5716981132075472,0.4662921348314607,0.4528301886792453
2240,GO_NERVE_DEVELOPMENT,0.6831460674157304,0.5880503144654088,0.497752808988764,0.5144654088050314
2241,GO_REGULATION_OF_NEUROBLAST_PROLIFERATION,0.6263534218590397,0.5955974842767295,0.4654749744637385,0.5333333333333333
2242,GO_DETECTION_OF_MOLECULE_OF_BACTERIAL_ORIGIN,0.5506639427987743,0.5893081761006289,0.5,0.5
2243,GO_PHAGOSOME_ACIDIFICATION,0.5515832482124617,0.4811320754716981,0.4866189989785495,0.5238993710691824
2244,GO_REGULATION_OF_CELL_SIZE,0.6898876404494383,0.6213836477987422,0.45495403472931556,0.5949685534591196
2245,GO_TETRAPYRROLE_METABOLIC_PROCESS,0.6314606741573034,0.6169811320754717,0.48968335035750765,0.5238993710691824
2246,GO_REGULATION_OF_CENTROSOME_DUPLICATION,0.6067415730337079,0.5842767295597484,0.4943820224719101,0.49056603773584906
2247,GO_VENTRAL_SPINAL_CORD_INTERNEURON_DIFFERENTIATION,0.6204290091930542,0.5981132075471698,0.49785495403472924,0.5238993710691824
2248,GO_NEGATIVE_REGULATION_OF_TRANSFERASE_ACTIVITY,0.6879468845760981,0.5622641509433962,0.4722165474974464,0.6
2249,GO_BICELLULAR_TIGHT_JUNCTION_ASSEMBLY,0.5889683350357507,0.5522012578616352,0.5,0.5
2250,GO_POSITIVE_REGULATION_OF_CARDIAC_MUSCLE_TISSUE_DEVELOPMENT,0.6086823289070479,0.5559748427672956,0.5,0.5
2251,GO_RIBONUCLEOPROTEIN_COMPLEX_SUBUNIT_ORGANIZATION,0.5893769152196118,0.5276729559748428,0.4549540347293156,0.5981132075471699
2252,GO_REGULATION_OF_CALCIUM_ION_TRANSPORT_INTO_CYTOSOL,0.6379979570990807,0.640251572327044,0.48294177732379984,0.5628930817610063
2253,GO_MULTICELLULAR_ORGANISMAL_WATER_HOMEOSTASIS,0.6421859039836567,0.5660377358490566,0.4938712972420838,0.540251572327044
2254,GO_REGULATION_OF_ALTERNATIVE_MRNA_SPLICING_VIA_SPLICEOSOME,0.5593462717058222,0.5911949685534591,0.46629213483146065,0.5716981132075472
2255,GO_KERATAN_SULFATE_CATABOLIC_PROCESS,0.5606741573033708,0.49559748427672956,0.4732379979570991,0.5238993710691824
2256,GO_BLASTOCYST_DEVELOPMENT,0.5635342185903983,0.48930817610062893,0.497752808988764,0.5465408805031446
2257,GO_REGULATION_OF_GRANULOCYTE_CHEMOTAXIS,0.603370786516854,0.49559748427672956,0.4932584269662922,0.5314465408805031
2258,GO_CHROMATIN_ORGANIZATION,0.6730337078651686,0.5968553459119497,0.38794688457609805,0.59874213836478
2259,GO_POSITIVE_REGULATION_OF_CYTOKINESIS,0.602247191011236,0.5842767295597484,0.4943820224719101,0.5238993710691824
2260,GO_EPHRIN_RECEPTOR_SIGNALING_PATHWAY,0.6073544433094994,0.5320754716981132,0.4704800817160367,0.5383647798742138
2261,GO_ORGANIC_ANION_TRANSPORT,0.7040858018386108,0.5811320754716981,0.4616956077630235,0.5918238993710692
2262,GO_STAT_CASCADE,0.5772216547497446,0.5371069182389937,0.49356486210418793,0.5144654088050314
2263,GO_RESPONSE_TO_OXYGEN_CONTAINING_COMPOUND,0.6905005107252298,0.5754716981132075,0.4798774259448417,0.6257861635220126
2264,GO_BICARBONATE_TRANSPORT,0.6639427987742594,0.5459119496855346,0.48712972420837586,0.5647798742138365
2265,GO_POSITIVE_REGULATION_OF_EXCITATORY_POSTSYNAPTIC_POTENTIAL,0.5925434116445353,0.519496855345912,0.5,0.5
2266,GO_NEGATIVE_REGULATION_OF_PATHWAY_RESTRICTED_SMAD_PROTEIN_PHOSPHORYLATION,0.5251276813074566,0.5333333333333333,0.5,0.5
2267,GO_SEGMENTATION,0.6575076608784474,0.5264150943396226,0.48079673135852913,0.5465408805031446
2268,GO_POSITIVE_REGULATION_OF_PEPTIDASE_ACTIVITY,0.669050051072523,0.5,0.44116445352400413,0.5981132075471698
2269,GO_POSITIVE_REGULATION_OF_T_CELL_CYTOKINE_PRODUCTION,0.5251276813074566,0.5333333333333333,0.4887640449438202,0.4716981132075472
2270,GO_PYRIMIDINE_CONTAINING_COMPOUND_SALVAGE,0.5251276813074566,0.5333333333333333,0.497752808988764,0.5666666666666667
2271,GO_REGULATION_OF_OLIGODENDROCYTE_DIFFERENTIATION,0.5817160367722165,0.49559748427672956,0.4710929519918284,0.5050314465408805
2272,GO_TRNA_METHYLATION,0.5253319713993871,0.5132075471698113,0.49009193054136874,0.4811320754716981
2273,GO_INTERACTION_WITH_HOST,0.6713993871297242,0.5345911949685535,0.4445352400408581,0.5893081761006289
2274,GO_GASTRULATION,0.6656792645556691,0.5446540880503145,0.48171603677221647,0.5930817610062893
2275,GO_RESPONSE_TO_UV,0.6232890704800816,0.6000000000000001,0.4732379979570991,0.49056603773584906
2276,GO_REGULATION_OF_NEUROTRANSMITTER_TRANSPORT,0.6244126659856998,0.5742138364779874,0.4837589376915219,0.5559748427672956
2277,GO_NEGATIVE_REGULATION_OF_VASCULATURE_DEVELOPMENT,0.6806945863125639,0.6081761006289308,0.46281920326864145,0.5679245283018868
2278,GO_SKIN_EPIDERMIS_DEVELOPMENT,0.6501532175689478,0.5748427672955975,0.47027579162410627,0.4861635220125786
2279,GO_VIRAL_GENOME_REPLICATION,0.5216547497446373,0.5238993710691824,0.4943820224719101,0.49056603773584906
2280,GO_NUCLEOTIDE_EXCISION_REPAIR,0.592032686414709,0.589937106918239,0.4922369765066394,0.4811320754716981
2281,GO_POSITIVE_REGULATION_OF_REACTIVE_OXYGEN_SPECIES_METABOLIC_PROCESS,0.6156281920326865,0.5459119496855346,0.4719101123595505,0.5861635220125786
2282,GO_NEGATIVE_REGULATION_OF_RELEASE_OF_CYTOCHROME_C_FROM_MITOCHONDRIA,0.509090909090909,0.5238993710691824,0.49785495403472924,0.49056603773584906
2283,GO_GOLGI_TO_ENDOSOME_TRANSPORT,0.5865168539325842,0.5226415094339623,0.5,0.5
2284,GO_REGULATION_OF_MUSCLE_HYPERTROPHY,0.6222676200204291,0.5735849056603773,0.4713993871297242,0.5477987421383648
2285,GO_CARBOHYDRATE_TRANSMEMBRANE_TRANSPORT,0.6075587334014301,0.5207547169811321,0.4662921348314607,0.5666666666666667
2286,GO_SULFUR_COMPOUND_TRANSPORT,0.6300306435137896,0.5559748427672956,0.48447395301327884,0.5981132075471698
2287,GO_FATTY_ACID_BIOSYNTHETIC_PROCESS,0.6838610827374871,0.5477987421383648,0.48855975485188974,0.49748427672955975
2288,GO_HEART_FORMATION,0.5247191011235954,0.4716981132075472,0.4943820224719101,0.49056603773584906
2289,GO_RECEPTOR_INTERNALIZATION,0.5886618998978549,0.5471698113207547,0.4823289070480081,0.5238993710691824
2290,GO_POSITIVE_REGULATION_OF_MAST_CELL_ACTIVATION,0.5439223697650664,0.5144654088050314,0.4922369765066394,0.49056603773584906
2291,GO_REGULATION_OF_ODONTOGENESIS,0.5481103166496425,0.5559748427672956,0.47191011235955055,0.49056603773584906
2292,GO_MULTICELLULAR_ORGANISM_METABOLIC_PROCESS,0.6610827374872319,0.49559748427672956,0.4625127681307456,0.5955974842767295
2293,GO_PARTURITION,0.554749744637385,0.5050314465408805,0.4866189989785495,0.5333333333333333
2294,GO_NEGATIVE_REGULATION_OF_ANDROGEN_RECEPTOR_SIGNALING_PATHWAY,0.5500510725229827,0.5716981132075472,0.49570990806945864,0.5238993710691824
2295,GO_ALPHA_LINOLENIC_ACID_METABOLIC_PROCESS,0.5048008171603676,0.49056603773584906,0.5,0.5
2296,GO_REGULATION_OF_ARP2_3_COMPLEX_MEDIATED_ACTIN_NUCLEATION,0.5470888661899898,0.5572327044025157,0.4922369765066394,0.49056603773584906
2297,GO_HOMEOSTASIS_OF_NUMBER_OF_CELLS,0.6733401430030643,0.6025157232704402,0.46230847803881514,0.6471698113207547
2298,GO_MEIOTIC_CHROMOSOME_SEPARATION,0.541164453524004,0.5050314465408805,0.46414708886618994,0.5238993710691824
2299,GO_REGULATION_OF_CALCINEURIN_NFAT_SIGNALING_CASCADE,0.5299284984678243,0.590566037735849,0.4970377936670072,0.5333333333333333
2300,GO_DIOL_METABOLIC_PROCESS,0.5289070480081716,0.5383647798742138,0.4887640449438202,0.49056603773584906
2301,GO_REGULATION_OF_RYANODINE_SENSITIVE_CALCIUM_RELEASE_CHANNEL_ACTIVITY,0.6345250255362614,0.4949685534591195,0.4970377936670072,0.5144654088050314
2302,GO_OXYGEN_TRANSPORT,0.5446373850868234,0.5238993710691824,0.49570990806945864,0.5238993710691824
2303,GO_REGULATION_OF_LIPID_TRANSPORT,0.6220633299284984,0.5628930817610063,0.4756894790602656,0.5477987421383648
2304,GO_POSITIVE_REGULATION_OF_TRIGLYCERIDE_BIOSYNTHETIC_PROCESS,0.570990806945863,0.5572327044025157,0.5,0.5
2305,GO_REGULATION_OF_REPRODUCTIVE_PROCESS,0.6159346271705823,0.5188679245283019,0.44126659856996936,0.5415094339622641
2306,GO_REGULATION_OF_MEMBRANE_PROTEIN_ECTODOMAIN_PROTEOLYSIS,0.5649642492339122,0.46226415094339623,0.4943820224719101,0.49056603773584906
2307,GO_POSITIVE_REGULATION_OF_HORMONE_SECRETION,0.6912155260469867,0.5861635220125786,0.4651685393258427,0.5257861635220126
2308,GO_ORGAN_INDUCTION,0.5711950970377937,0.5383647798742138,0.4844739530132789,0.4811320754716981
2309,GO_DNA_STRAND_ELONGATION,0.5656792645556691,0.519496855345912,0.4921348314606741,0.5050314465408805
2310,GO_NEURON_PROJECTION_MORPHOGENESIS,0.6914198161389172,0.5905660377358491,0.4352400408580184,0.529559748427673
2311,GO_REGULATION_OF_CELL_DIVISION,0.7131767109295198,0.6283018867924529,0.4616956077630235,0.5679245283018868
2312,GO_MULTIVESICULAR_BODY_SORTING_PATHWAY,0.5433094994892748,0.5811320754716981,0.4991828396322778,0.5238993710691824
2313,GO_REGULATION_OF_LYMPHOCYTE_MEDIATED_IMMUNITY,0.5813074565883555,0.540251572327044,0.43953013278855974,0.5031446540880503
2314,GO_SOMATIC_DIVERSIFICATION_OF_IMMUNE_RECEPTORS,0.6013278855975485,0.5584905660377358,0.44473953013278855,0.5477987421383648
2315,GO_NOTCH_SIGNALING_PATHWAY,0.6589376915219612,0.5679245283018868,0.4738508682328907,0.46163522012578617
2316,GO_OUTER_DYNEIN_ARM_ASSEMBLY,0.559652706843718,0.5672955974842767,0.4620020429009193,0.5333333333333333
2317,GO_POSITIVE_REGULATION_OF_CELLULAR_RESPONSE_TO_INSULIN_STIMULUS,0.5489274770173647,0.5238993710691824,0.4898876404494382,0.46226415094339623
2318,GO_RESPONSE_TO_RADIATION,0.6658835546475995,0.6327044025157234,0.4363636363636363,0.5811320754716981
2319,GO_BILE_ACID_AND_BILE_SALT_TRANSPORT,0.6146067415730337,0.5050314465408805,0.49785495403472924,0.49056603773584906
2320,GO_HEART_DEVELOPMENT,0.6807967313585291,0.6276729559748428,0.4625127681307457,0.5377358490566038
2321,GO_TISSUE_REGENERATION,0.6366700715015323,0.630817610062893,0.4718079673135852,0.4716981132075472
2322,GO_MESODERM_MORPHOGENESIS,0.6088866189989787,0.49748427672955975,0.48140960163432067,0.5572327044025157
2323,GO_NEGATIVE_REGULATION_OF_SMOOTHENED_SIGNALING_PATHWAY,0.5324821246169561,0.5490566037735849,0.48161389172625124,0.5471698113207547
2324,GO_RECEPTOR_METABOLIC_PROCESS,0.6083758937691522,0.6075471698113207,0.4676200204290092,0.5144654088050314
2325,GO_NUCLEOSIDE_SALVAGE,0.5382022471910113,0.5157232704402516,0.48314606741573035,0.5666666666666667
2326,GO_INFLAMMATORY_RESPONSE,0.6893769152196119,0.5540880503144654,0.4653728294177732,0.6698113207547169
2327,GO_TRNA_TRANSPORT,0.5746680286006128,0.4911949685534591,0.49570990806945864,0.49056603773584906
2328,GO_REGULATION_OF_NIK_NF_KAPPAB_SIGNALING,0.5788559754851889,0.5628930817610063,0.478855975485189,0.5572327044025157
2329,GO_NEGATIVE_REGULATION_OF_ANOIKIS,0.5432073544433095,0.5528301886792453,0.4867211440245148,0.49559748427672956
2330,GO_POSITIVE_REGULATION_OF_LIGASE_ACTIVITY,0.6356486210418795,0.5509433962264151,0.46976506639427984,0.5811320754716981
2331,GO_LACTATE_TRANSMEMBRANE_TRANSPORT,0.5558733401430032,0.5238993710691824,0.4866189989785495,0.5333333333333333
2332,GO_REGULATION_OF_TRANSCRIPTION_FROM_RNA_POLYMERASE_II_PROMOTER_IN_RESPONSE_TO_HYPOXIA,0.5688457609805924,0.519496855345912,0.48314606741573035,0.5333333333333333
2333,GO_REGULATION_OF_INTRACELLULAR_PROTEIN_TRANSPORT,0.7103166496424923,0.6641509433962264,0.4423901940755873,0.5867924528301887
2334,GO_PIGMENT_GRANULE_ORGANIZATION,0.5684371807967314,0.5144654088050314,0.5,0.5
2335,GO_REGULATION_OF_INTERLEUKIN_13_PRODUCTION,0.5654749744637385,0.5490566037735849,0.4943820224719101,0.49056603773584906
2336,GO_REGULATION_OF_CELL_CYCLE,0.709397344228805,0.5345911949685535,0.45995914198161386,0.5371069182389937
2337,GO_TUBE_DEVELOPMENT,0.7335035750766088,0.5861635220125787,0.4780388151174668,0.6238993710691825
2338,GO_LOCOMOTION,0.717364657814096,0.6169811320754717,0.5485188968335036,0.6566037735849057
2339,GO_ACROSOME_ASSEMBLY,0.5657814096016344,0.5811320754716981,0.48723186925434114,0.5245283018867924
2340,GO_REGULATION_OF_INOSITOL_PHOSPHATE_BIOSYNTHETIC_PROCESS,0.6127681307456588,0.540251572327044,0.5,0.5
2341,GO_REGULATION_OF_INTRINSIC_APOPTOTIC_SIGNALING_PATHWAY_IN_RESPONSE_TO_DNA_DAMAGE_BY_P53_CLASS_MEDIATOR,0.5636363636363636,0.5572327044025157,0.4844739530132789,0.5238993710691824
2342,GO_POSITIVE_REGULATION_OF_EPIDERMIS_DEVELOPMENT,0.5216547497446373,0.5333333333333333,0.46741573033707867,0.519496855345912
2343,GO_RESPONSE_TO_EXTRACELLULAR_STIMULUS,0.6918283963227783,0.550314465408805,0.43472931562819206,0.4666666666666667
2344,GO_REGULATION_OF_PROTEIN_COMPLEX_ASSEMBLY,0.6949948927477018,0.6867924528301887,0.4768130745658836,0.5911949685534592
2345,GO_CALCIUM_ION_REGULATED_EXOCYTOSIS_OF_NEUROTRANSMITTER,0.6150153217568948,0.6025157232704402,0.4865168539325842,0.5465408805031446
2346,GO_REGULATION_OF_REGULATED_SECRETORY_PATHWAY,0.6427987742594484,0.4930817610062893,0.47088866189989786,0.6226415094339623
2347,GO_POSITIVE_REGULATION_OF_RECEPTOR_INTERNALIZATION,0.5843718079673136,0.5622641509433962,0.4922369765066394,0.49056603773584906
2348,GO_CARDIAC_MUSCLE_CELL_CONTRACTION,0.5833503575076608,0.6113207547169811,0.48345250255362615,0.539622641509434
2349,GO_AMINO_SUGAR_CATABOLIC_PROCESS,0.5,0.5,0.47752808988764045,0.5333333333333333
2350,GO_POSITIVE_REGULATION_OF_MACROPHAGE_CHEMOTAXIS,0.5593462717058222,0.5238993710691824,0.5,0.5
2351,GO_REGULATION_OF_B_CELL_APOPTOTIC_PROCESS,0.554749744637385,0.46226415094339623,0.5,0.5
2352,GO_MITOCHONDRIAL_RNA_METABOLIC_PROCESS,0.537691521961185,0.4811320754716981,0.49570990806945864,0.5050314465408805
2353,GO_MODULATION_OF_EXCITATORY_POSTSYNAPTIC_POTENTIAL,0.6203268641470888,0.5666666666666667,0.5,0.5
2354,GO_NUCLEUS_LOCALIZATION,0.6009193054136874,0.5572327044025157,0.49356486210418793,0.49056603773584906
2355,GO_RESPONSE_TO_HEPATOCYTE_GROWTH_FACTOR,0.5542390194075587,0.5050314465408805,0.4887640449438202,0.5238993710691824
2356,GO_REGULATION_OF_SYNAPTIC_VESICLE_EXOCYTOSIS,0.5483146067415732,0.5528301886792453,0.473953013278856,0.5157232704402516
2357,GO_ORGANELLE_ASSEMBLY,0.6871297242083758,0.620754716981132,0.4751787538304392,0.529559748427673
2358,GO_MITOTIC_DNA_INTEGRITY_CHECKPOINT,0.6303370786516854,0.479874213836478,0.4844739530132789,0.5144654088050314
2359,GO_FATTY_ACID_DERIVATIVE_TRANSPORT,0.5941777323799796,0.5767295597484277,0.5,0.5
2360,GO_NATURAL_KILLER_CELL_ACTIVATION_INVOLVED_IN_IMMUNE_RESPONSE,0.5360572012257405,0.5792452830188679,0.4922369765066394,0.5333333333333333
2361,GO_CARDIAC_VENTRICLE_DEVELOPMENT,0.6655771195097038,0.5666666666666667,0.49611848825331967,0.5389937106918239
2362,GO_MALE_MEIOSIS_I,0.5660878447395301,0.5062893081761006,0.4662921348314607,0.5666666666666667
2363,GO_GLYCEROLIPID_BIOSYNTHETIC_PROCESS,0.6820224719101124,0.5955974842767295,0.46046986721144023,0.5584905660377358
2364,GO_REGULATION_OF_GLUCOSE_METABOLIC_PROCESS,0.5960163432073544,0.5591194968553459,0.4882533197139938,0.5622641509433962
2365,GO_POSITIVE_REGULATION_OF_SODIUM_ION_TRANSMEMBRANE_TRANSPORT,0.5654749744637385,0.5716981132075472,0.49570990806945864,0.49056603773584906
2366,GO_POSITIVE_REGULATION_OF_HEART_CONTRACTION,0.5447395301327885,0.529559748427673,0.4808988764044943,0.5333333333333333
2367,GO_CELLULAR_RESPONSE_TO_PROSTAGLANDIN_E_STIMULUS,0.6301327885597549,0.5283018867924528,0.4887640449438202,0.4811320754716981
2368,GO_EXTRINSIC_APOPTOTIC_SIGNALING_PATHWAY_VIA_DEATH_DOMAIN_RECEPTORS,0.5771195097037793,0.5924528301886792,0.46976506639427984,0.5572327044025157
2369,GO_PURINE_NUCLEOSIDE_BIOSYNTHETIC_PROCESS,0.5753830439223698,0.4666666666666667,0.4676200204290092,0.5245283018867924
2370,GO_FEMALE_SEX_DIFFERENTIATION,0.6377936670071502,0.5308176100628931,0.45148110316649637,0.5138364779874214
2371,GO_POSITIVE_REGULATION_OF_CIRCADIAN_RHYTHM,0.614708886618999,0.48930817610062893,0.49785495403472924,0.5333333333333333
2372,GO_ECTODERMAL_PLACODE_DEVELOPMENT,0.6477017364657813,0.550314465408805,0.4943820224719101,0.5333333333333333
2373,GO_POSITIVE_REGULATION_OF_PHAGOCYTOSIS,0.6415730337078652,0.6163522012578616,0.4552604698672114,0.5672955974842767
2374,GO_CELLULAR_RESPONSE_TO_ETHANOL,0.5375893769152197,0.5559748427672956,0.4693564862104188,0.540251572327044
2375,GO_RESPIRATORY_BURST,0.5330949948927476,0.5572327044025157,0.5,0.5
2376,GO_POSITIVE_REGULATION_OF_DNA_REPAIR,0.5595505617977528,0.5628930817610063,0.4887640449438202,0.5666666666666667
2377,GO_CEREBRAL_CORTEX_GABAERGIC_INTERNEURON_DIFFERENTIATION,0.5580183861082737,0.5572327044025157,0.4887640449438202,0.5238993710691824
2378,GO_NIK_NF_KAPPAB_SIGNALING,0.5966292134831461,0.5226415094339623,0.498876404494382,0.5238993710691824
2379,GO_MAMMARY_GLAND_DEVELOPMENT,0.661491317671093,0.6062893081761006,0.47293156281920323,0.5408805031446541
2380,GO_NEGATIVE_REGULATION_OF_SECRETION,0.660367722165475,0.6251572327044026,0.4352400408580184,0.610691823899371
2381,GO_MITOTIC_SPINDLE_ORGANIZATION,0.5908069458631257,0.5138364779874214,0.4406537282941777,0.4666666666666667
2382,GO_REGULATION_OF_PROTEIN_CATABOLIC_PROCESS,0.6567926455566905,0.5572327044025157,0.46547497446373853,0.5540880503144654
2383,GO_REGULATION_OF_CD4_POSITIVE_ALPHA_BETA_T_CELL_ACTIVATION,0.5617977528089888,0.5559748427672956,0.4887640449438202,0.5238993710691824
2384,GO_MAINTENANCE_OF_CELL_POLARITY,0.5633299284984677,0.5955974842767295,0.49570990806945864,0.49056603773584906
2385,GO_MRNA_CLEAVAGE,0.5463738508682329,0.5578616352201258,0.4914198161389173,0.49056603773584906
2386,GO_POSITIVE_REGULATION_OF_URINE_VOLUME,0.5707865168539324,0.590566037735849,0.49356486210418793,0.5144654088050314
2387,GO_GLYCINE_METABOLIC_PROCESS,0.5628192032686415,0.5572327044025157,0.5,0.5
2388,GO_POSITIVE_REGULATION_OF_CHEMOKINE_PRODUCTION,0.6329928498467824,0.5125786163522013,0.478855975485189,0.5572327044025157
2389,GO_REGULATION_OF_GLYCOGEN_METABOLIC_PROCESS,0.533197139938713,0.4767295597484277,0.48120531154239016,0.5490566037735849
2390,GO_ESTABLISHMENT_OF_NUCLEUS_LOCALIZATION,0.5948927477017365,0.5339622641509434,0.4943820224719101,0.5333333333333333
2391,GO_ENDODERM_DEVELOPMENT,0.6364657814096017,0.5289308176100629,0.4754851889683351,0.5050314465408805
2392,GO_VESICLE_COATING,0.6078651685393259,0.6050314465408805,0.42757916241062305,0.5138364779874214
2393,GO_CYTOPLASMIC_SEQUESTERING_OF_TRANSCRIPTION_FACTOR,0.5342185903983656,0.49056603773584906,0.4898876404494382,0.5666666666666667
2394,GO_PROTEIN_TRANSPORT_ALONG_MICROTUBULE,0.5355464759959141,0.5490566037735849,0.4606741573033708,0.4716981132075472
2395,GO_AUDITORY_RECEPTOR_CELL_DIFFERENTIATION,0.5597548518896833,0.5050314465408805,0.4943820224719101,0.5333333333333333
2396,GO_REGULATION_OF_LIPOPOLYSACCHARIDE_MEDIATED_SIGNALING_PATHWAY,0.554749744637385,0.5383647798742138,0.4922369765066394,0.5144654088050314
2397,GO_CAMERA_TYPE_EYE_PHOTORECEPTOR_CELL_DIFFERENTIATION,0.5643513789581206,0.6339622641509434,0.4822267620020429,0.5654088050314465
2398,GO_REGULATION_OF_GROWTH_HORMONE_SECRETION,0.5843718079673136,0.6163522012578616,0.49785495403472924,0.5333333333333333
2399,GO_PYRIMIDINE_CONTAINING_COMPOUND_METABOLIC_PROCESS,0.5957099080694587,0.4867924528301887,0.4593462717058222,0.590566037735849
2400,GO_MICROGLIAL_CELL_ACTIVATION,0.5334014300306436,0.5238993710691824,0.4732379979570991,0.6
2401,GO_OXIDATION_REDUCTION_PROCESS,0.7062308478038816,0.6314465408805032,0.4455566905005107,0.5911949685534591
2402,GO_RESPONSE_TO_ATP,0.5528089887640448,0.5050314465408805,0.4807967313585292,0.5528301886792453
2403,GO_WATER_HOMEOSTASIS,0.637691521961185,0.6113207547169811,0.4982635342185904,0.5283018867924528
2404,GO_VOCALIZATION_BEHAVIOR,0.5565883554647598,0.610062893081761,0.5,0.5
2405,GO_GOLGI_TO_PLASMA_MEMBRANE_PROTEIN_TRANSPORT,0.5436159346271705,0.5371069182389937,0.4866189989785495,0.49056603773584906
2406,GO_LONG_TERM_MEMORY,0.5869254341164454,0.5716981132075472,0.49325842696629213,0.4811320754716981
2407,GO_ADRENAL_GLAND_DEVELOPMENT,0.5835546475995914,0.6283018867924528,0.5,0.5
2408,GO_CELLULAR_RESPONSE_TO_CHOLESTEROL,0.5506639427987743,0.5238993710691824,0.47824310520939733,0.5383647798742138
2409,GO_POSITIVE_REGULATION_OF_POTASSIUM_ION_TRANSMEMBRANE_TRANSPORTER_ACTIVITY,0.5970377936670072,0.5622641509433962,0.4943820224719101,0.49056603773584906
2410,GO_VIRAL_LIFE_CYCLE,0.6154239019407559,0.4987421383647799,0.4351378958120531,0.6050314465408805
2411,GO_REGULATION_OF_SMOOTH_MUSCLE_CELL_MIGRATION,0.6121552604698671,0.5490566037735849,0.5264555669050051,0.4811320754716981
2412,GO_ENTRAINMENT_OF_CIRCADIAN_CLOCK,0.5860061287027579,0.49433962264150944,0.48774259448416757,0.4811320754716981
2413,GO_REGULATION_OF_CGMP_METABOLIC_PROCESS,0.6210418794688458,0.5679245283018868,0.4922369765066394,0.49056603773584906
2414,GO_REGULATION_OF_CYTOKINE_SECRETION,0.6914198161389173,0.4962264150943396,0.4869254341164453,0.4949685534591195
2415,GO_CELLULAR_RESPONSE_TO_AMINO_ACID_STARVATION,0.5640449438202247,0.4981132075471698,0.47211440245148106,0.4811320754716981
2416,GO_POSITIVE_REGULATION_OF_IMMUNOGLOBULIN_PRODUCTION,0.5557711950970379,0.5044025157232704,0.4842696629213483,0.5138364779874214
2417,GO_REGULATION_OF_ESTABLISHMENT_OF_PROTEIN_LOCALIZATION_TO_MITOCHONDRION,0.6426966292134831,0.5716981132075472,0.4550561797752809,0.5144654088050314
2418,GO_REGULATION_OF_SENSORY_PERCEPTION,0.6134831460674157,0.5559748427672956,0.5,0.5
2419,GO_REGULATION_OF_REGULATORY_T_CELL_DIFFERENTIATION,0.5216547497446373,0.5144654088050314,0.4887640449438202,0.4811320754716981
2420,GO_CHONDROITIN_SULFATE_CATABOLIC_PROCESS,0.5860061287027579,0.4716981132075472,0.49785495403472924,0.4811320754716981
2421,GO_RESPONSE_TO_AUDITORY_STIMULUS,0.5802860061287027,0.580503144654088,0.4823289070480081,0.4811320754716981
2422,GO_PRESYNAPTIC_PROCESS_INVOLVED_IN_SYNAPTIC_TRANSMISSION,0.6876404494382022,0.49937106918238994,0.44994892747701737,0.580503144654088
2423,GO_PROTEIN_UBIQUITINATION,0.7387129724208377,0.5509433962264151,0.46220633299284986,0.48238993710691824
2424,GO_MAINTENANCE_OF_CELL_NUMBER,0.67170582226762,0.610691823899371,0.45352400408580185,0.6245283018867925
2425,GO_CELL_MORPHOGENESIS_INVOLVED_IN_DIFFERENTIATION,0.6331971399387131,0.5691823899371069,0.45730337078651684,0.5446540880503145
2426,GO_NEGATIVE_REGULATION_OF_CHROMOSOME_ORGANIZATION,0.6273748723186926,0.6176100628930817,0.481511746680286,0.5559748427672956
2427,GO_COENZYME_BIOSYNTHETIC_PROCESS,0.5903983656792645,0.6132075471698113,0.49090909090909085,0.5490566037735849
2428,GO_EPIBOLY,0.5849846782431053,0.6050314465408805,0.4887640449438202,0.590566037735849
2429,GO_NEGATIVE_REGULATION_OF_INFLAMMATORY_RESPONSE,0.6342185903983657,0.5867924528301887,0.47191011235955055,0.5144654088050314
2430,GO_REGULATION_OF_CALCIUM_ION_DEPENDENT_EXOCYTOSIS,0.6554647599591421,0.5849056603773585,0.4638406537282942,0.5647798742138365
2431,GO_CENTRAL_NERVOUS_SYSTEM_PROJECTION_NEURON_AXONOGENESIS,0.6072522982635342,0.549685534591195,0.4922369765066394,0.5144654088050314
2432,GO_INFLAMMATORY_RESPONSE_TO_ANTIGENIC_STIMULUS,0.5736465781409601,0.6383647798742138,0.4786516853932585,0.5157232704402516
2433,GO_INTESTINAL_EPITHELIAL_CELL_DIFFERENTIATION,0.54902962206333,0.44842767295597485,0.49785495403472924,0.4716981132075472
2434,GO_ORGANOPHOSPHATE_CATABOLIC_PROCESS,0.6594484167517876,0.5226415094339623,0.4511746680286007,0.5364779874213836
2435,GO_NEGATIVE_REGULATION_OF_BEHAVIOR,0.5655771195097038,0.5477987421383648,0.5,0.5
2436,GO_POSITIVE_REGULATION_OF_P38MAPK_CASCADE,0.5955056179775281,0.539622641509434,0.4810010214504596,0.4811320754716981
2437,GO_MEMBRANE_PROTEIN_INTRACELLULAR_DOMAIN_PROTEOLYSIS,0.5363636363636364,0.49056603773584906,0.5,0.5
2438,GO_POSITIVE_REGULATION_OF_CHROMATIN_MODIFICATION,0.6329928498467824,0.5610062893081761,0.4842696629213483,0.6528301886792452
2439,GO_RESPONSE_TO_CAFFEINE,0.5764044943820225,0.5672955974842767,0.4844739530132789,0.49056603773584906
2440,GO_DISTAL_TUBULE_DEVELOPMENT,0.5466802860061287,0.49559748427672956,0.4983656792645556,0.4861635220125786
2441,GO_CRANIAL_SKELETAL_SYSTEM_DEVELOPMENT,0.6613891726251275,0.5477987421383648,0.45260469867211434,0.5811320754716981
2442,GO_DNA_TEMPLATED_TRANSCRIPTION_INITIATION,0.7129724208375894,0.6283018867924529,0.4756894790602656,0.5144654088050314
2443,GO_REGULATION_OF_HORMONE_BIOSYNTHETIC_PROCESS,0.5731358529111337,0.580503144654088,0.4831460674157303,0.5383647798742138
2444,GO_DEOXYRIBONUCLEOTIDE_METABOLIC_PROCESS,0.5558733401430032,0.5238993710691824,0.49785495403472924,0.49056603773584906
2445,GO_POSITIVE_REGULATION_OF_NEUROTRANSMITTER_SECRETION,0.553626149131767,0.5578616352201258,0.5,0.5
2446,GO_GENETIC_IMPRINTING,0.5752808988764045,0.5647798742138365,0.4887640449438202,0.49056603773584906
2447,GO_CELLULAR_PROCESS_INVOLVED_IN_REPRODUCTION_IN_MULTICELLULAR_ORGANISM,0.7194075587334013,0.520125786163522,0.5129724208375894,0.5685534591194968
2448,GO_POSITIVE_REGULATION_OF_CELL_DEATH,0.6970377936670071,0.6622641509433962,0.521552604698672,0.6069182389937107
2449,GO_TROPHOBLAST_GIANT_CELL_DIFFERENTIATION,0.5229826353421858,0.49056603773584906,0.478855975485189,0.5238993710691824
2450,GO_ER_ASSOCIATED_UBIQUITIN_DEPENDENT_PROTEIN_CATABOLIC_PROCESS,0.5729315628192033,0.4716981132075472,0.4943820224719101,0.5238993710691824
2451,GO_ISOTYPE_SWITCHING,0.5684371807967314,0.510062893081761,0.45291113381001014,0.5144654088050314
2452,GO_TUMOR_NECROSIS_FACTOR_MEDIATED_SIGNALING_PATHWAY,0.6012257405515833,0.5471698113207547,0.4620020429009193,0.5477987421383648
2453,GO_DEFENSE_RESPONSE_TO_GRAM_NEGATIVE_BACTERIUM,0.61317671092952,0.5157232704402516,0.4722165474974463,0.5383647798742138
2454,GO_SIGNAL_RELEASE,0.655873340143003,0.5440251572327044,0.4757916241062308,0.5735849056603773
2455,GO_REGULATION_OF_EXOSOMAL_SECRETION,0.5195097037793667,0.5333333333333333,0.4943820224719101,0.5238993710691824
2456,GO_REGULATION_OF_INCLUSION_BODY_ASSEMBLY,0.5793667007150154,0.49937106918238994,0.5,0.5
2457,GO_REGULATION_OF_CHRONIC_INFLAMMATORY_RESPONSE,0.5152196118488254,0.49056603773584906,0.4914198161389173,0.5572327044025157
2458,GO_REGULATION_OF_T_CELL_DIFFERENTIATION,0.6622063329928499,0.6522012578616352,0.47139938712972423,0.5226415094339623
2459,GO_ADAPTIVE_IMMUNE_RESPONSE,0.6657814096016342,0.589937106918239,0.43656792645556686,0.6276729559748428
2460,GO_TRANSLESION_SYNTHESIS,0.5467824310520939,0.5559748427672956,0.4810010214504596,0.4811320754716981
2461,GO_REGULATION_OF_GLOMERULUS_DEVELOPMENT,0.5457609805924413,0.5289308176100629,0.49570990806945864,0.5333333333333333
2462,GO_METHIONINE_METABOLIC_PROCESS,0.5494382022471911,0.5477987421383648,0.5,0.5
2463,GO_DICARBOXYLIC_ACID_TRANSPORT,0.6839632277834525,0.5685534591194968,0.5070480081716037,0.5716981132075472
2464,GO_NEGATIVE_REGULATION_OF_SKELETAL_MUSCLE_TISSUE_DEVELOPMENT,0.5665985699693565,0.5050314465408805,0.5,0.5
2465,GO_DNA_RECOMBINATION,0.6709908069458631,0.5930817610062893,0.4589376915219611,0.6207547169811322
2466,GO_POST_TRANSLATIONAL_PROTEIN_MODIFICATION,0.6329928498467825,0.5031446540880503,0.49785495403472924,0.49056603773584906
2467,GO_PROTEIN_FOLDING,0.5915219611848826,0.46226415094339623,0.4882533197139938,0.5169811320754717
2468,GO_GLYCOSPHINGOLIPID_METABOLIC_PROCESS,0.612053115423902,0.4716981132075472,0.4681307456588355,0.510062893081761
2469,GO_REGULATION_OF_MRNA_POLYADENYLATION,0.5216547497446373,0.4811320754716981,0.5,0.5
2470,GO_NEURON_MIGRATION,0.6840653728294178,0.629559748427673,0.4475995914198161,0.4761006289308176
2471,GO_REGULATION_OF_ATTACHMENT_OF_SPINDLE_MICROTUBULES_TO_KINETOCHORE,0.5398365679264555,0.5383647798742138,0.4866189989785495,0.49056603773584906
2472,GO_POSITIVE_REGULATION_OF_RESPONSE_TO_TUMOR_CELL,0.5307456588355465,0.5333333333333333,0.4866189989785495,0.5333333333333333
2473,GO_REGULATION_OF_ACTION_POTENTIAL,0.6151174668028601,0.5062893081761006,0.48876404494382014,0.5333333333333333
2474,GO_REGULATION_OF_NF_KAPPAB_IMPORT_INTO_NUCLEUS,0.6076608784473952,0.5138364779874214,0.4879468845760981,0.49056603773584906
2475,GO_POSITIVE_REGULATION_OF_TISSUE_REMODELING,0.5515832482124616,0.4710691823899371,0.48314606741573035,0.5333333333333333
2476,GO_REGULATION_OF_PROTEASOMAL_PROTEIN_CATABOLIC_PROCESS,0.6520939734422881,0.6220125786163522,0.4776302349336057,0.5490566037735849
2477,GO_DORSAL_VENTRAL_NEURAL_TUBE_PATTERNING,0.5926455566905006,0.5823899371069182,0.4662921348314607,0.49056603773584906
2478,GO_TOLL_LIKE_RECEPTOR_4_SIGNALING_PATHWAY,0.5337078651685392,0.5245283018867924,0.49570990806945864,0.5144654088050314
2479,GO_POSITIVE_REGULATION_OF_MYELOID_CELL_DIFFERENTIATION,0.6174668028600613,0.6081761006289308,0.4694586312563841,0.4767295597484277
2480,GO_CALCIUM_ION_REGULATED_EXOCYTOSIS,0.5971399387129724,0.5459119496855346,0.4802860061287027,0.6088050314465409
2481,GO_CELLULAR_RESPONSE_TO_NITROGEN_COMPOUND,0.6956077630234934,0.5584905660377358,0.45526046986721147,0.5729559748427673
2482,GO_RETINAL_METABOLIC_PROCESS,0.5342185903983656,0.4716981132075472,0.49356486210418793,0.49056603773584906
2483,GO_MOLTING_CYCLE,0.6323799795709909,0.6194968553459119,0.4560776302349336,0.48050314465408805
2484,GO_CHROMOSOME_ORGANIZATION_INVOLVED_IN_MEIOTIC_CELL_CYCLE,0.5722165474974463,0.5849056603773585,0.45076608784473954,0.5477987421383648
2485,GO_POSITIVE_REGULATION_OF_PEPTIDYL_THREONINE_PHOSPHORYLATION,0.5616956077630235,0.5232704402515723,0.4914198161389173,0.49056603773584906
2486,GO_OOCYTE_MATURATION,0.5938712972420838,0.5578616352201258,0.48314606741573035,0.49056603773584906
2487,GO_DNA_BIOSYNTHETIC_PROCESS,0.6283963227783452,0.4679245283018868,0.47436159346271706,0.5276729559748428
2488,GO_SUBSTRATE_ADHESION_DEPENDENT_CELL_SPREADING,0.5782431052093974,0.5647798742138365,0.48365679264555667,0.5144654088050314
2489,GO_SPERMATID_NUCLEUS_DIFFERENTIATION,0.541164453524004,0.49056603773584906,0.4997957099080694,0.5333333333333333
2490,GO_MULTI_ORGANISM_LOCALIZATION,0.6178753830439224,0.5182389937106918,0.49356486210418793,0.5333333333333333
2491,GO_NEGATIVE_REGULATION_OF_CELL_DEATH,0.7489274770173646,0.5761006289308176,0.4727272727272727,0.5943396226415094
2492,GO_TRANSCRIPTION_INITIATION_FROM_RNA_POLYMERASE_II_PROMOTER,0.6685393258426966,0.7289308176100628,0.47252298263534226,0.4949685534591195
2493,GO_POSITIVE_REGULATION_OF_DEVELOPMENTAL_GROWTH,0.6871297242083758,0.6163522012578616,0.49540347293156284,0.6232704402515724
2494,GO_REGULATION_OF_ERYTHROCYTE_DIFFERENTIATION,0.5539325842696629,0.5446540880503145,0.4786516853932585,0.5572327044025157
2495,GO_METANEPHRIC_NEPHRON_DEVELOPMENT,0.5989785495403473,0.530188679245283,0.4943820224719101,0.5333333333333333
2496,GO_POSITIVE_REGULATION_OF_NEUROLOGICAL_SYSTEM_PROCESS,0.5879468845760981,0.5427672955974843,0.5,0.5
2497,GO_TRACHEA_DEVELOPMENT,0.5753830439223698,0.49559748427672956,0.49009193054136874,0.5811320754716981
2498,GO_NEUROGENESIS,0.6810010214504597,0.6125786163522013,0.5020429009193054,0.6465408805031447
2499,GO_POSITIVE_REGULATION_OF_T_HELPER_CELL_DIFFERENTIATION,0.5591419816138917,0.5584905660377358,0.4887640449438202,0.5238993710691824
2500,GO_POSITIVE_REGULATION_OF_SEQUENCE_SPECIFIC_DNA_BINDING_TRANSCRIPTION_FACTOR_ACTIVITY,0.6972420837589377,0.5018867924528302,0.4567926455566905,0.6647798742138364
2501,GO_NEGATIVE_REGULATION_OF_HUMORAL_IMMUNE_RESPONSE,0.5794688457609805,0.5647798742138365,0.4627170582226762,0.5471698113207547
2502,GO_POSITIVE_REGULATION_OF_AMINE_TRANSPORT,0.6363636363636365,0.5628930817610063,0.4866189989785495,0.5333333333333333
2503,GO_ENDOMEMBRANE_SYSTEM_ORGANIZATION,0.6542390194075587,0.5119496855345912,0.4051072522982635,0.5069182389937107
2504,GO_APOPTOTIC_PROCESS_INVOLVED_IN_DEVELOPMENT,0.5858018386108274,0.6345911949685534,0.4810010214504596,0.5238993710691824
2505,GO_RESPONSE_TO_LOW_DENSITY_LIPOPROTEIN_PARTICLE,0.5229826353421858,0.4811320754716981,0.4801838610827375,0.5144654088050314
2506,GO_RETINOIC_ACID_METABOLIC_PROCESS,0.5450459652706844,0.5584905660377358,0.4844739530132789,0.5238993710691824
2507,GO_GLYCEROPHOSPHOLIPID_METABOLIC_PROCESS,0.7198161389172625,0.6352201257861636,0.4290091930541369,0.5861635220125787
2508,GO_REGULATION_OF_PROTEIN_ACETYLATION,0.6194075587334014,0.4748427672955975,0.46976506639427984,0.5572327044025157
2509,GO_REGULATION_OF_NEUROLOGICAL_SYSTEM_PROCESS,0.6431052093973441,0.5113207547169811,0.4922369765066394,0.4811320754716981
2510,GO_INTRINSIC_APOPTOTIC_SIGNALING_PATHWAY,0.6342185903983655,0.5389937106918239,0.4432073544433095,0.5138364779874214
2511,GO_SODIUM_ION_HOMEOSTASIS,0.5876404494382023,0.5339622641509434,0.4863125638406537,0.5823899371069182
2512,GO_CELLULAR_RESPONSE_TO_HEAT,0.6272727272727273,0.48930817610062893,0.48314606741573035,0.5333333333333333
2513,GO_T_CELL_RECEPTOR_SIGNALING_PATHWAY,0.6427987742594485,0.569811320754717,0.4704800817160368,0.6289308176100629
2514,GO_POSITIVE_REGULATION_OF_LAMELLIPODIUM_ASSEMBLY,0.537691521961185,0.5138364779874214,0.49570990806945864,0.49056603773584906
2515,GO_PURINE_NUCLEOTIDE_TRANSPORT,0.5048008171603676,0.5477987421383648,0.4943820224719101,0.49056603773584906
2516,GO_REGULATION_OF_PROTEIN_STABILITY,0.6632277834525026,0.589937106918239,0.4636363636363636,0.4918238993710692
2517,GO_REGULATION_OF_DNA_METABOLIC_PROCESS,0.6920326864147089,0.5880503144654089,0.4334014300306436,0.5924528301886792
2518,GO_NADH_METABOLIC_PROCESS,0.5704800817160368,0.46226415094339623,0.4844739530132789,0.5238993710691824
2519,GO_POSITIVE_REGULATION_OF_NUCLEOCYTOPLASMIC_TRANSPORT,0.6718079673135854,0.6880503144654089,0.4495403472931562,0.5981132075471698
2520,GO_REGULATION_OF_BLOOD_VESSEL_ENDOTHELIAL_CELL_MIGRATION,0.6346271705822267,0.5786163522012578,0.4707865168539325,0.6572327044025157
2521,GO_NATURAL_KILLER_CELL_MEDIATED_IMMUNITY,0.5926455566905005,0.5955974842767295,0.5,0.5
2522,GO_TELOMERE_MAINTENANCE_VIA_TELOMERASE,0.5740551583248212,0.5238993710691824,0.4810010214504596,0.4811320754716981
2523,GO_REGULATION_OF_GRANULOCYTE_MACROPHAGE_COLONY_STIMULATING_FACTOR_PRODUCTION,0.5489274770173647,0.5144654088050314,0.4810010214504596,0.5144654088050314
2524,GO_GROWTH,0.6717058222676201,0.5911949685534591,0.4455566905005107,0.5698113207547171
2525,GO_EMBRYONIC_MORPHOGENESIS,0.698161389172625,0.580503144654088,0.45107252298263534,0.5572327044025157
2526,GO_LIPID_PARTICLE_ORGANIZATION,0.5454545454545454,0.5333333333333333,0.49785495403472924,0.49056603773584906
2527,GO_NEGATIVE_REGULATION_OF_MULTICELLULAR_ORGANISM_GROWTH,0.5710929519918283,0.540251572327044,0.4887640449438202,0.5333333333333333
2528,GO_NEGATIVE_REGULATION_OF_LYMPHOCYTE_APOPTOTIC_PROCESS,0.5968335035750766,0.48553459119496856,0.4818181818181818,0.4761006289308176
2529,GO_OOCYTE_DIFFERENTIATION,0.60561797752809,0.5716981132075472,0.4810010214504596,0.5238993710691824
2530,GO_JAK_STAT_CASCADE_INVOLVED_IN_GROWTH_HORMONE_SIGNALING_PATHWAY,0.5572012257405516,0.5238993710691824,0.4866189989785495,0.49056603773584906
2531,GO_INTERSTRAND_CROSS_LINK_REPAIR,0.579979570990807,0.5088050314465409,0.4991828396322778,0.5333333333333333
2532,GO_REGULATION_OF_STEM_CELL_POPULATION_MAINTENANCE,0.5355464759959141,0.5477987421383648,0.4948927477017364,0.5245283018867924
2533,GO_POSITIVE_REGULATION_OF_TELOMERE_MAINTENANCE_VIA_TELOMERE_LENGTHENING,0.5856996935648621,0.5044025157232704,0.49785495403472924,0.49056603773584906
2534,GO_GANGLIOSIDE_BIOSYNTHETIC_PROCESS,0.5251276813074566,0.49056603773584906,0.5,0.5
2535,GO_POSITIVE_REGULATION_OF_ENDOPLASMIC_RETICULUM_UNFOLDED_PROTEIN_RESPONSE,0.5320735444330951,0.5050314465408805,0.4943820224719101,0.49056603773584906
2536,GO_ANDROGEN_METABOLIC_PROCESS,0.5688457609805925,0.44339622641509435,0.4914198161389173,0.5572327044025157
2537,GO_NEGATIVE_REGULATION_OF_EPIDERMIS_DEVELOPMENT,0.5465781409601634,0.5955974842767295,0.49570990806945864,0.5238993710691824
2538,GO_INDOLE_CONTAINING_COMPOUND_METABOLIC_PROCESS,0.6035750766087844,0.5962264150943396,0.4943820224719101,0.4716981132075472
2539,GO_NEGATIVE_REGULATION_OF_T_CELL_PROLIFERATION,0.6281920326864148,0.60062893081761,0.4948927477017364,0.5477987421383648
2540,GO_REGULATION_OF_T_CELL_CYTOKINE_PRODUCTION,0.5390194075587335,0.5050314465408805,0.4880490296220633,0.5559748427672956
2541,GO_REGULATION_OF_CHEMOKINE_BIOSYNTHETIC_PROCESS,0.5138917262512769,0.49056603773584906,0.478855975485189,0.5572327044025157
2542,GO_POSITIVE_REGULATION_OF_CARTILAGE_DEVELOPMENT,0.5951991828396324,0.5182389937106918,0.47191011235955055,0.49056603773584906
2543,GO_MUSCLE_ATROPHY,0.5733401430030645,0.6333333333333333,0.4943820224719101,0.49056603773584906
2544,GO_REGULATION_OF_INSULIN_SECRETION_INVOLVED_IN_CELLULAR_RESPONSE_TO_GLUCOSE_STIMULUS,0.6313585291113382,0.5962264150943396,0.4701736465781409,0.4861635220125786
2545,GO_NEGATIVE_REGULATION_OF_CANONICAL_WNT_SIGNALING_PATHWAY,0.6519918283963229,0.5874213836477987,0.4718079673135852,0.5289308176100629
2546,GO_REGULATION_OF_CELLULAR_RESPONSE_TO_TRANSFORMING_GROWTH_FACTOR_BETA_STIMULUS,0.6383043922369765,0.6232704402515723,0.5,0.5
2547,GO_PHOSPHATIDYLINOSITOL_DEPHOSPHORYLATION,0.5722165474974463,0.5647798742138365,0.5,0.5
2548,GO_DIGESTIVE_SYSTEM_PROCESS,0.6710929519918284,0.5081761006289308,0.49570990806945864,0.5666666666666667
2549,GO_CALCIUM_ION_TRANSPORT,0.7146067415730337,0.6176100628930818,0.4373850868232891,0.5528301886792453
2550,GO_ANTIGEN_PROCESSING_AND_PRESENTATION_OF_EXOGENOUS_PEPTIDE_ANTIGEN_VIA_MHC_CLASS_I,0.6037793667007151,0.5314465408805031,0.4767109295199182,0.4767295597484277
2551,GO_NEGATIVE_REGULATION_OF_CATALYTIC_ACTIVITY,0.7103166496424924,0.6421383647798742,0.47854954034729313,0.6283018867924528
2552,GO_PYRIMIDINE_NUCLEOSIDE_TRIPHOSPHATE_METABOLIC_PROCESS,0.5398365679264555,0.5333333333333333,0.49785495403472924,0.5333333333333333
2553,GO_CARDIAC_MUSCLE_TISSUE_DEVELOPMENT,0.6946884576098059,0.5452830188679245,0.4552604698672114,0.6050314465408805
2554,GO_LEUKOCYTE_APOPTOTIC_PROCESS,0.6039836567926455,0.5716981132075472,0.5,0.5
2555,GO_NEGATIVE_REGULATION_OF_EMBRYONIC_DEVELOPMENT,0.5910112359550562,0.5867924528301887,0.481511746680286,0.4981132075471698
2556,GO_POSITIVE_REGULATION_OF_NUCLEOTIDE_METABOLIC_PROCESS,0.6773237997957099,0.6037735849056604,0.4801838610827375,0.5144654088050314
2557,GO_PEPTIDYL_GLUTAMIC_ACID_MODIFICATION,0.655873340143003,0.5169811320754717,0.5,0.5
2558,GO_REGULATION_OF_NOTCH_SIGNALING_PATHWAY,0.6032686414708887,0.5924528301886792,0.4764044943820224,0.5069182389937107
2559,GO_INTERFERON_GAMMA_MEDIATED_SIGNALING_PATHWAY,0.6105209397344229,0.5823899371069182,0.45760980592441264,0.5716981132075472
2560,GO_POSITIVE_REGULATION_OF_CYTOKINE_SECRETION,0.6223697650663943,0.5320754716981132,0.45168539325842694,0.5509433962264151
2561,GO_NEGATIVE_REGULATION_OF_MAST_CELL_ACTIVATION,0.5216547497446373,0.49056603773584906,0.4764044943820224,0.4861635220125786
2562,GO_MICROTUBULE_BUNDLE_FORMATION,0.6258426966292135,0.6515723270440251,0.4589376915219612,0.5238993710691824
2563,GO_NEGATIVE_REGULATION_OF_CYSTEINE_TYPE_ENDOPEPTIDASE_ACTIVITY,0.615832482124617,0.5050314465408805,0.4649642492339121,0.5415094339622641
2564,GO_EMBRYONIC_SKELETAL_JOINT_DEVELOPMENT,0.6086823289070481,0.5207547169811321,0.4914198161389173,0.49056603773584906
2565,GO_RESPONSE_TO_CARBOHYDRATE,0.6326864147088865,0.5440251572327044,0.4376915219611849,0.5534591194968553
2566,GO_ORGANIC_ACID_TRANSMEMBRANE_TRANSPORT,0.6457609805924412,0.6119496855345912,0.4633299284984678,0.5823899371069182
2567,GO_SYSTEM_PROCESS,0.6909090909090909,0.5993710691823899,0.5092951991828396,0.6716981132075472
2568,GO_REGULATION_OF_TUMOR_NECROSIS_FACTOR_BIOSYNTHETIC_PROCESS,0.5691521961184882,0.5735849056603773,0.4879468845760981,0.5465408805031446
2569,GO_REGULATION_OF_PROTEIN_MATURATION,0.6730337078651685,0.6358490566037737,0.4675178753830439,0.5578616352201258
2570,GO_MONOCARBOXYLIC_ACID_BIOSYNTHETIC_PROCESS,0.6867211440245148,0.529559748427673,0.4499489274770173,0.5622641509433962
2571,GO_COLUMNAR_CUBOIDAL_EPITHELIAL_CELL_DEVELOPMENT,0.6182839632277835,0.4591194968553459,0.47242083758937686,0.48553459119496856
2572,GO_POSITIVE_REGULATION_OF_VASCULAR_PERMEABILITY,0.5580183861082737,0.4811320754716981,0.5,0.5
2573,GO_EAR_MORPHOGENESIS,0.6740551583248212,0.5251572327044025,0.4564862104187947,0.5389937106918239
2574,GO_MOVEMENT_OF_CELL_OR_SUBCELLULAR_COMPONENT,0.6877425944841675,0.5849056603773586,0.48314606741573035,0.6163522012578617
2575,GO_NEURON_CELL_CELL_ADHESION,0.5850868232890705,0.6044025157232705,0.5,0.5
2576,GO_TERMINATION_OF_RNA_POLYMERASE_II_TRANSCRIPTION,0.585291113381001,0.49559748427672956,0.4887640449438202,0.49056603773584906
2577,GO_CELLULAR_RESPONSE_TO_NITROGEN_LEVELS,0.5069458631256384,0.5238993710691824,0.4866189989785495,0.49056603773584906
2578,GO_SYNAPTIC_SIGNALING,0.6466802860061286,0.5339622641509434,0.4820224719101124,0.6710691823899372
2579,GO_MITOTIC_CELL_CYCLE_CHECKPOINT,0.6715015321756894,0.5257861635220126,0.4858018386108274,0.5490566037735849
2580,GO_RESPONSE_TO_LIPID,0.6583248212461695,0.5767295597484277,0.4755873340143003,0.5452830188679245
2581,GO_RESPONSE_TO_NICOTINE,0.6560776302349336,0.610691823899371,0.47538304392236974,0.5383647798742138
2582,GO_NEGATIVE_REGULATION_OF_MACROAUTOPHAGY,0.5562819203268642,0.5628930817610063,0.5,0.5
2583,GO_POSITIVE_REGULATION_OF_GLYCOPROTEIN_METABOLIC_PROCESS,0.5782431052093974,0.5314465408805031,0.49009193054136874,0.5572327044025157
2584,GO_REGULATION_OF_MITOPHAGY,0.6274770173646579,0.5830188679245283,0.49785495403472924,0.49056603773584906
2585,GO_FATTY_ACID_METABOLIC_PROCESS,0.6719101123595506,0.5628930817610063,0.5192032686414709,0.5672955974842767
2586,GO_ACTIVATION_OF_IMMUNE_RESPONSE,0.6790602655771194,0.529559748427673,0.429417773237998,0.6415094339622642
2587,GO_VASCULATURE_DEVELOPMENT,0.6615934627170583,0.6358490566037736,0.43585291113381,0.6169811320754717
2588,GO_POSITIVE_REGULATION_OF_PROTEIN_METABOLIC_PROCESS,0.655056179775281,0.6654088050314466,0.4887640449438202,0.6044025157232704
2589,GO_CELL_CYCLE_G2_M_PHASE_TRANSITION,0.6300306435137896,0.6182389937106918,0.4150153217568948,0.5364779874213836
2590,GO_NEGATIVE_REGULATION_OF_CYTOKINE_SECRETION,0.6046986721144025,0.5050314465408805,0.4879468845760981,0.5238993710691824
2591,GO_VITAMIN_TRANSPORT,0.5557711950970377,0.5616352201257861,0.47538304392236974,0.5490566037735849
2592,GO_REGULATION_OF_CYSTEINE_TYPE_ENDOPEPTIDASE_ACTIVITY_INVOLVED_IN_APOPTOTIC_SIGNALING_PATHWAY,0.5674157303370787,0.5981132075471698,0.49570990806945864,0.5144654088050314
2593,GO_BLASTODERM_SEGMENTATION,0.5916241062308478,0.5371069182389937,0.5,0.5
2594,GO_NATURAL_KILLER_CELL_ACTIVATION,0.5801838610827375,0.5037735849056604,0.4922369765066394,0.5333333333333333
2595,GO_NEGATIVE_REGULATION_OF_BINDING,0.6529111338100102,0.5289308176100629,0.47323799795709903,0.5886792452830188
2596,GO_POSITIVE_REGULATION_BY_HOST_OF_VIRAL_PROCESS,0.5433094994892748,0.49056603773584906,0.4943820224719101,0.49056603773584906
2597,GO_POSITIVE_REGULATION_OF_RESPONSE_TO_EXTRACELLULAR_STIMULUS,0.6179775280898876,0.48930817610062893,0.45056179775280897,0.5264150943396226
2598,GO_POSITIVE_REGULATION_OF_CALCIUM_ION_TRANSPORT_INTO_CYTOSOL,0.587946884576098,0.5716981132075472,0.4837589376915219,0.4716981132075472
2599,GO_REGULATION_OF_SMOOTHENED_SIGNALING_PATHWAY,0.6156281920326865,0.569811320754717,0.4266598569969357,0.5572327044025157
2600,GO_RETINA_LAYER_FORMATION,0.5891726251276813,0.46729559748427674,0.48702757916241063,0.5786163522012578
2601,GO_EPIDERMIS_DEVELOPMENT,0.6862104187946885,0.6930817610062894,0.4907048008171604,0.510062893081761
2602,GO_CELLULAR_RESPONSE_TO_ZINC_ION,0.5048008171603676,0.5477987421383648,0.4732379979570991,0.5238993710691824
2603,GO_REGULATION_OF_GASTRULATION,0.5560776302349336,0.5433962264150943,0.4887640449438202,0.4811320754716981
2604,GO_CELLULAR_RESPONSE_TO_IONIZING_RADIATION,0.5593462717058223,0.5817610062893082,0.4531154239019408,0.5811320754716981
2605,GO_ACTIN_MEDIATED_CELL_CONTRACTION,0.6461695607763024,0.5465408805031446,0.4986721144024515,0.5452830188679245
2606,GO_POSITIVE_REGULATION_OF_INNATE_IMMUNE_RESPONSE,0.6912155260469867,0.4880503144654088,0.45188968335035745,0.6069182389937107
2607,GO_POSITIVE_REGULATION_OF_NEUROTRANSMITTER_TRANSPORT,0.5580183861082737,0.5572327044025157,0.5,0.5
2608,GO_NEUTRAL_LIPID_BIOSYNTHETIC_PROCESS,0.6293156281920327,0.5786163522012578,0.4856996935648621,0.49559748427672956
2609,GO_CELLULAR_RESPONSE_TO_NUTRIENT,0.5663942798774259,0.5962264150943396,0.49090909090909085,0.5069182389937107
2610,GO_POSITIVE_REGULATION_OF_GLUCOSE_TRANSPORT,0.576200204290092,0.5138364779874214,0.4695607763023493,0.5320754716981132
2611,GO_ADENYLATE_CYCLASE_ACTIVATING_DOPAMINE_RECEPTOR_SIGNALING_PATHWAY,0.5948927477017365,0.5289308176100629,0.4887640449438202,0.4811320754716981
2612,GO_REGULATION_OF_DIGESTIVE_SYSTEM_PROCESS,0.6243105209397344,0.5345911949685535,0.47936670071501536,0.5477987421383648
2613,GO_REGULATION_OF_PLASMA_MEMBRANE_ORGANIZATION,0.5943820224719101,0.5484276729559748,0.48283963227783444,0.5716981132075472
2614,GO_RESPONSE_TO_AMINO_ACID,0.654749744637385,0.5358490566037736,0.47977528089887633,0.589937106918239
2615,GO_DETECTION_OF_BIOTIC_STIMULUS,0.6094994892747703,0.4716981132075472,0.4866189989785495,0.46226415094339623
2616,GO_RESPONSE_TO_VITAMIN_A,0.5678243105209398,0.49559748427672956,0.5,0.5
2617,GO_POSITIVE_REGULATION_OF_LYMPHOCYTE_DIFFERENTIATION,0.6752808988764045,0.5842767295597484,0.48059244126659856,0.5138364779874214
2618,GO_POSITIVE_REGULATION_OF_IMMUNOGLOBULIN_SECRETION,0.5160367722165474,0.49056603773584906,0.4943820224719101,0.49056603773584906
2619,GO_SARCOPLASMIC_RETICULUM_CALCIUM_ION_TRANSPORT,0.571297242083759,0.5484276729559748,0.48845760980592445,0.5811320754716981
2620,GO_VENTRICULAR_SEPTUM_DEVELOPMENT,0.6557711950970379,0.5245283018867924,0.4716036772216547,0.5358490566037736
2621,GO_POSITIVE_REGULATION_OF_LONG_TERM_SYNAPTIC_POTENTIATION,0.6275791624106231,0.539622641509434,0.4844739530132789,0.49056603773584906
2622,GO_INSULIN_RECEPTOR_SIGNALING_PATHWAY,0.5900919305413688,0.5540880503144654,0.47405515832482126,0.5371069182389937
2623,GO_VIRION_ASSEMBLY,0.5640449438202247,0.4811320754716981,0.4991828396322778,0.5572327044025157
2624,GO_LIPID_METABOLIC_PROCESS,0.6646578140960163,0.6408805031446541,0.5061287027579162,0.5666666666666667
2625,GO_REGULATION_OF_PROTEIN_LOCALIZATION,0.7108273748723186,0.6377358490566037,0.4672114402451481,0.5308176100628931
2626,GO_GLYCEROPHOSPHOLIPID_CATABOLIC_PROCESS,0.5580183861082737,0.5477987421383648,0.4810010214504596,0.4811320754716981
2627,GO_NEGATIVE_REGULATION_OF_CARBOHYDRATE_METABOLIC_PROCESS,0.6079673135852911,0.5735849056603773,0.4887640449438202,0.5238993710691824
2628,GO_KERATAN_SULFATE_BIOSYNTHETIC_PROCESS,0.5625127681307456,0.5012578616352201,0.4732379979570991,0.5238993710691824
2629,GO_NEGATIVE_REGULATION_OF_CIRCADIAN_RHYTHM,0.5938712972420838,0.6050314465408805,0.5,0.5
2630,GO_POSITIVE_REGULATION_OF_LIPID_CATABOLIC_PROCESS,0.5658835546475995,0.5157232704402516,0.4887640449438202,0.49056603773584906
2631,GO_SIGNAL_TRANSDUCTION_BY_P53_CLASS_MEDIATOR,0.6749744637385087,0.47735849056603774,0.45852911133810015,0.5559748427672956
2632,GO_BLOOD_VESSEL_REMODELING,0.5967313585291114,0.5314465408805031,0.4859039836567926,0.5238993710691824
2633,GO_POSITIVE_REGULATION_OF_TYROSINE_PHOSPHORYLATION_OF_STAT3_PROTEIN,0.5713993871297242,0.5811320754716981,0.478855975485189,0.5666666666666667
2634,GO_TRIGLYCERIDE_CATABOLIC_PROCESS,0.6219611848825332,0.5276729559748428,0.4922369765066394,0.49056603773584906
2635,GO_REGULATION_OF_SKELETAL_MUSCLE_ADAPTATION,0.5687436159346272,0.5559748427672956,0.4853932584269663,0.510062893081761
2636,GO_GLIAL_CELL_MIGRATION,0.6,0.529559748427673,0.4676200204290092,0.5333333333333333
2637,GO_MODULATION_BY_VIRUS_OF_HOST_MORPHOLOGY_OR_PHYSIOLOGY,0.5544433094994893,0.5477987421383648,0.4801838610827375,0.5477987421383648
2638,GO_PROTEIN_K48_LINKED_DEUBIQUITINATION,0.5502553626149133,0.530188679245283,0.4732379979570991,0.5477987421383648
2639,GO_RNA_SECONDARY_STRUCTURE_UNWINDING,0.5700715015321758,0.5182389937106918,0.47538304392236974,0.4811320754716981
2640,GO_ENDOPLASMIC_RETICULUM_CALCIUM_ION_HOMEOSTASIS,0.5804902962206333,0.5339622641509434,0.4871297242083759,0.5572327044025157
2641,GO_POSITIVE_REGULATION_OF_RESPONSE_TO_WOUNDING,0.701123595505618,0.5289308176100629,0.46527068437180796,0.569182389937107
2642,GO_STEROID_METABOLIC_PROCESS,0.6838610827374872,0.6226415094339622,0.4442288049029622,0.6427672955974842
2643,GO_DIVALENT_INORGANIC_CATION_HOMEOSTASIS,0.6797752808988764,0.4962264150943396,0.4475995914198161,0.5924528301886792
2644,GO_REGULATION_OF_ANION_TRANSMEMBRANE_TRANSPORT,0.6386108273748723,0.5226415094339623,0.4914198161389173,0.5238993710691824
2645,GO_NEGATIVE_REGULATION_OF_GLYCOPROTEIN_METABOLIC_PROCESS,0.5515832482124617,0.5144654088050314,0.4887640449438202,0.4811320754716981
2646,GO_TOXIN_TRANSPORT,0.6019407558733402,0.5792452830188679,0.49785495403472924,0.49056603773584906
2647,GO_DETECTION_OF_LIGHT_STIMULUS,0.6273748723186925,0.6251572327044025,0.45985699693564863,0.5647798742138365
2648,GO_REGULATION_OF_HISTONE_PHOSPHORYLATION,0.5457609805924412,0.5050314465408805,0.5,0.5
2649,GO_REGULATION_OF_PROTEIN_IMPORT,0.6760980592441266,0.5779874213836478,0.4458631256384065,0.4440251572327044
2650,GO_NEUROLOGICAL_SYSTEM_PROCESS_INVOLVED_IN_REGULATION_OF_SYSTEMIC_ARTERIAL_BLOOD_PRESSURE,0.5735444330949948,0.510062893081761,0.4943820224719101,0.49056603773584906
2651,GO_NEGATIVE_REGULATION_OF_RESPONSE_TO_CYTOKINE_STIMULUS,0.6096016343207354,0.48867924528301887,0.4943820224719101,0.4811320754716981
2652,GO_NEGATIVE_REGULATION_OF_DEPHOSPHORYLATION,0.6700715015321757,0.48867924528301887,0.4887640449438202,0.5333333333333333
2653,GO_DRUG_METABOLIC_PROCESS,0.6482124616956078,0.5540880503144654,0.5,0.5
2654,GO_CELLULAR_RESPONSE_TO_CYTOKINE_STIMULUS,0.7206332992849847,0.5509433962264151,0.4515832482124617,0.6572327044025157
2655,GO_FAT_CELL_DIFFERENTIATION,0.6409601634320735,0.5484276729559748,0.4710929519918283,0.5383647798742138
2656,GO_RESPONSE_TO_ABIOTIC_STIMULUS,0.7167517875383045,0.5993710691823899,0.4538304392236976,0.5761006289308176
2657,GO_AMELOGENESIS,0.6029622063329927,0.589937106918239,0.4767109295199182,0.5144654088050314
2658,GO_CELLULAR_RESPONSE_TO_INORGANIC_SUBSTANCE,0.6426966292134831,0.5459119496855346,0.4638406537282942,0.5358490566037736
2659,GO_RESPONSE_TO_PROGESTERONE,0.6140960163432072,0.4867924528301887,0.480388151174668,0.5383647798742138
2660,GO_REGULATION_OF_PROTON_TRANSPORT,0.5342185903983656,0.5238993710691824,0.4943820224719101,0.5333333333333333
2661,GO_REGULATION_OF_NEURON_PROJECTION_REGENERATION,0.5501532175689479,0.5691823899371069,0.4729315628192033,0.5578616352201258
2662,GO_NEGATIVE_REGULATION_OF_INTERLEUKIN_8_PRODUCTION,0.5299284984678243,0.5238993710691824,0.48876404494382014,0.5144654088050314
2663,GO_POSITIVE_REGULATION_OF_SMAD_PROTEIN_IMPORT_INTO_NUCLEUS,0.5251276813074566,0.5144654088050314,0.4991828396322778,0.5333333333333333
2664,GO_GENE_SILENCING,0.6855975485188969,0.5591194968553459,0.4551583248212462,0.5364779874213836
2665,GO_NEGATIVE_REGULATION_OF_SMOOTH_MUSCLE_CONTRACTION,0.5764044943820225,0.6245283018867924,0.4887640449438202,0.49056603773584906
2666,GO_LEUKOCYTE_ADHESION_TO_VASCULAR_ENDOTHELIAL_CELL,0.5688457609805925,0.5144654088050314,0.49785495403472924,0.5333333333333333
2667,GO_ZINC_II_ION_TRANSPORT,0.5419816138917262,0.5289308176100629,0.4943820224719101,0.49056603773584906
2668,GO_INTERLEUKIN_1_MEDIATED_SIGNALING_PATHWAY,0.5616956077630235,0.5069182389937107,0.48314606741573035,0.5333333333333333
2669,GO_POSITIVE_REGULATION_OF_SMOOTH_MUSCLE_CELL_MIGRATION,0.619611848825332,0.5647798742138365,0.4866189989785495,0.5333333333333333
2670,GO_VENTRICULAR_CARDIAC_MUSCLE_CELL_ACTION_POTENTIAL,0.5261491317671092,0.5433962264150943,0.48845760980592445,0.5811320754716981
2671,GO_RESPONSE_TO_FATTY_ACID,0.6498467824310521,0.549685534591195,0.49009193054136874,0.5245283018867924
2672,GO_DNA_METHYLATION_INVOLVED_IN_GAMETE_GENERATION,0.558835546475996,0.5578616352201258,0.4922369765066394,0.49056603773584906
2673,GO_NUCLEOSIDE_MONOPHOSPHATE_BIOSYNTHETIC_PROCESS,0.5580183861082737,0.5314465408805031,0.4887640449438202,0.5333333333333333
2674,GO_EPITHELIAL_CELL_APOPTOTIC_PROCESS,0.5539325842696629,0.519496855345912,0.4806945863125638,0.5974842767295597
2675,GO_DNA_SYNTHESIS_INVOLVED_IN_DNA_REPAIR,0.5786516853932585,0.5937106918238994,0.4853932584269663,0.510062893081761
2676,GO_COLUMNAR_CUBOIDAL_EPITHELIAL_CELL_DIFFERENTIATION,0.6300306435137895,0.6660377358490566,0.5019407558733401,0.5276729559748428
2677,GO_RETROGRADE_TRANSPORT_ENDOSOME_TO_PLASMA_MEMBRANE,0.5195097037793667,0.5572327044025157,0.49009193054136874,0.5238993710691824
2678,GO_TRANSFORMING_GROWTH_FACTOR_BETA_RECEPTOR_SIGNALING_PATHWAY,0.650255362614913,0.5817610062893083,0.4580183861082738,0.5132075471698113
2679,GO_DRUG_TRANSPORT,0.6036772216547498,0.5371069182389937,0.49570990806945864,0.49056603773584906
2680,GO_POSITIVE_REGULATION_OF_GROWTH,0.6863125638406538,0.5962264150943397,0.4311542390194075,0.5691823899371069
2681,GO_NEGATIVE_REGULATION_OF_CELL_PROJECTION_ORGANIZATION,0.666802860061287,0.5371069182389937,0.47170582226762003,0.569811320754717
2682,GO_TISSUE_REMODELING,0.6493360572012257,0.4748427672955975,0.48028600612870276,0.5069182389937107
2683,GO_REGULATION_OF_CYTOPLASMIC_TRANSPORT,0.7129724208375895,0.6125786163522013,0.43105209397344224,0.5113207547169811
2684,GO_CD4_POSITIVE_OR_CD8_POSITIVE_ALPHA_BETA_T_CELL_LINEAGE_COMMITMENT,0.5662921348314607,0.5477987421383648,0.4887640449438202,0.5238993710691824
2685,GO_SEGMENT_SPECIFICATION,0.5307456588355465,0.49056603773584906,0.48314606741573035,0.49056603773584906
2686,GO_CELLULAR_RESPONSE_TO_STEROL,0.5831460674157304,0.489937106918239,0.4801838610827375,0.5144654088050314
2687,GO_T_CELL_MIGRATION,0.5388151174668029,0.6069182389937107,0.4941777323799796,0.4716981132075472
2688,GO_OSSIFICATION,0.6892747701736466,0.6855345911949686,0.4555669050051073,0.4937106918238994
2689,GO_MULTI_MULTICELLULAR_ORGANISM_PROCESS,0.6768130745658836,0.6238993710691824,0.4595505617977528,0.5094339622641509
2690,GO_REGULATION_OF_ENDOCYTOSIS,0.6610827374872319,0.5408805031446541,0.45117466802860057,0.4930817610062893
2691,GO_REGULATION_OF_EPIDERMAL_CELL_DIFFERENTIATION,0.6104187946884576,0.5786163522012578,0.4780388151174669,0.5257861635220126
2692,GO_MYELOID_LEUKOCYTE_MEDIATED_IMMUNITY,0.5485188968335036,0.5075471698113208,0.4764044943820224,0.5477987421383648
2693,GO_ACTION_POTENTIAL,0.6821246169560776,0.5849056603773586,0.5021450459652708,0.5773584905660377
2694,GO_GOLGI_TO_VACUOLE_TRANSPORT,0.5986721144024514,0.5383647798742138,0.5,0.5
2695,GO_IMMUNOGLOBULIN_PRODUCTION_INVOLVED_IN_IMMUNOGLOBULIN_MEDIATED_IMMUNE_RESPONSE,0.5993871297242084,0.60062893081761,0.45291113381001014,0.5144654088050314
2696,GO_NEGATIVE_T_CELL_SELECTION,0.5515832482124617,0.5050314465408805,0.4879468845760981,0.5477987421383648
2697,GO_LIPOPROTEIN_LOCALIZATION,0.6050051072522983,0.529559748427673,0.5,0.5
2698,GO_REGULATION_OF_CYTOKINE_BIOSYNTHETIC_PROCESS,0.6321756894790602,0.48742138364779874,0.47477017364657814,0.5672955974842767
2699,GO_NEGATIVE_REGULATION_OF_I_KAPPAB_KINASE_NF_KAPPAB_SIGNALING,0.6361593462717058,0.5081761006289308,0.47191011235955055,0.5144654088050314
2700,GO_DETECTION_OF_VISIBLE_LIGHT,0.621144024514811,0.5213836477987421,0.47752808988764045,0.44339622641509435
2701,GO_REGULATION_OF_PROTEIN_LOCALIZATION_TO_CHROMOSOME_TELOMERIC_REGION,0.5138917262512769,0.4811320754716981,0.48314606741573035,0.5238993710691824
2702,GO_NUCLEAR_TRANSCRIBED_MRNA_CATABOLIC_PROCESS_DEADENYLATION_DEPENDENT_DECAY,0.6311542390194075,0.530188679245283,0.46414708886618994,0.5238993710691824
2703,GO_HISTONE_H3_K4_METHYLATION,0.601532175689479,0.5628930817610063,0.4866189989785495,0.49056603773584906
2704,GO_NEGATIVE_REGULATION_OF_BLOOD_PRESSURE,0.6040858018386107,0.5924528301886792,0.45291113381001014,0.5144654088050314
2705,GO_ALCOHOL_METABOLIC_PROCESS,0.7115423901940756,0.5383647798742138,0.46384065372829414,0.5452830188679245
2706,GO_NEGATIVE_REGULATION_OF_INTERLEUKIN_12_PRODUCTION,0.5643513789581205,0.5050314465408805,0.49785495403472924,0.49056603773584906
2707,GO_CELL_SUBSTRATE_JUNCTION_ASSEMBLY,0.6072522982635341,0.5308176100628931,0.47211440245148106,0.5622641509433962
2708,GO_MONOSACCHARIDE_TRANSPORT,0.6478038815117467,0.48364779874213837,0.4399387129724208,0.5981132075471699
2709,GO_REGULATION_OF_B_CELL_ACTIVATION,0.6329928498467824,0.4767295597484277,0.44759959141981615,0.5628930817610063
2710,GO_REGULATION_OF_CELLULAR_RESPONSE_TO_VASCULAR_ENDOTHELIAL_GROWTH_FACTOR_STIMULUS,0.56414708886619,0.5572327044025157,0.5,0.5
2711,GO_REGULATION_OF_STEROL_TRANSPORT,0.5840653728294178,0.5226415094339623,0.47456588355464757,0.5672955974842767
2712,GO_POSITIVE_REGULATION_OF_INTRACELLULAR_SIGNAL_TRANSDUCTION,0.7129724208375894,0.6163522012578616,0.5058222676200204,0.5534591194968554
2713,GO_NEGATIVE_REGULATION_OF_GROWTH,0.6894790602655771,0.5018867924528302,0.41777323799795707,0.6289308176100629
2714,GO_NEGATIVE_REGULATION_OF_MACROPHAGE_DERIVED_FOAM_CELL_DIFFERENTIATION,0.5657814096016343,0.5094339622641509,0.5,0.5
2715,GO_REGULATION_OF_SYSTEM_PROCESS,0.7028600612870276,0.6886792452830188,0.4715015321756895,0.5874213836477988
2716,GO_REGULATION_OF_CYTOSOLIC_CALCIUM_ION_CONCENTRATION,0.6319713993871297,0.5855345911949685,0.44923391215526054,0.5578616352201258
2717,GO_REGULATION_OF_CARBOHYDRATE_BIOSYNTHETIC_PROCESS,0.6269662921348315,0.5314465408805031,0.49009193054136874,0.5383647798742138
2718,GO_RESPONSE_TO_BMP,0.6577119509703779,0.5716981132075472,0.4642492339121553,0.5672955974842767
2719,GO_IMIDAZOLE_CONTAINING_COMPOUND_METABOLIC_PROCESS,0.5558733401430032,0.5238993710691824,0.5,0.5
2720,GO_RESPONSE_TO_PH,0.5978549540347293,0.4949685534591195,0.4879468845760981,0.49056603773584906
2721,GO_SMALL_MOLECULE_CATABOLIC_PROCESS,0.7060265577119509,0.6245283018867925,0.44463738508682327,0.5207547169811321
2722,GO_OXALATE_TRANSPORT,0.5800817160367723,0.5144654088050314,0.5,0.5
2723,GO_CELLULAR_RESPONSE_TO_EXOGENOUS_DSRNA,0.5117466802860061,0.5572327044025157,0.4764044943820224,0.5811320754716981
2724,GO_RESPONSE_TO_TEMPERATURE_STIMULUS,0.6488253319713995,0.5836477987421383,0.47803881511746676,0.5157232704402516
2725,GO_REGULATION_OF_TOR_SIGNALING,0.6204290091930541,0.6553459119496856,0.49325842696629213,0.4861635220125786
2726,GO_DNA_REPLICATION_CHECKPOINT,0.556179775280899,0.49056603773584906,0.5,0.5
2727,GO_RESPONSE_TO_ACETYLCHOLINE,0.5382022471910112,0.5119496855345912,0.47752808988764045,0.49559748427672956
2728,GO_CELLULAR_MODIFIED_AMINO_ACID_METABOLIC_PROCESS,0.664555669050051,0.6245283018867924,0.45760980592441264,0.4981132075471698
2729,GO_REGULATION_OF_ISOTYPE_SWITCHING,0.5355464759959141,0.4716981132075472,0.48866189989785497,0.4716981132075472
2730,GO_CELLULAR_GLUCOSE_HOMEOSTASIS,0.6313585291113382,0.5635220125786163,0.4760980592441266,0.5238993710691824
2731,GO_HEAD_DEVELOPMENT,0.6682328907048007,0.5987421383647799,0.48273748723186927,0.47232704402515724
2732,GO_REGULATION_OF_HEMATOPOIETIC_PROGENITOR_CELL_DIFFERENTIATION,0.5320735444330951,0.5622641509433962,0.4866189989785495,0.5232704402515723
2733,GO_REGULATION_OF_VASCULAR_ENDOTHELIAL_GROWTH_FACTOR_PRODUCTION,0.5691521961184883,0.60062893081761,0.4842696629213483,0.590566037735849
2734,GO_CYCLIC_NUCLEOTIDE_BIOSYNTHETIC_PROCESS,0.6325842696629214,0.5930817610062893,0.4787538304392237,0.5716981132075472
2735,GO_REGULATION_OF_APPETITE,0.5416751787538304,0.4767295597484277,0.4922369765066394,0.49056603773584906
2736,GO_PROTEIN_DEGLYCOSYLATION,0.5457609805924413,0.5540880503144654,0.4914198161389173,0.5477987421383648
2737,GO_POSITIVE_REGULATION_OF_TRANSFORMING_GROWTH_FACTOR_BETA_PRODUCTION,0.5858018386108275,0.48553459119496856,0.48764044943820223,0.5238993710691824
2738,GO_REGULATION_OF_PHOSPHOLIPASE_A2_ACTIVITY,0.5537282941777323,0.49056603773584906,0.48314606741573035,0.5333333333333333
2739,GO_RESPONSE_TO_VITAMIN_D,0.5738508682328908,0.4949685534591195,0.48835546475995917,0.5238993710691824
2740,GO_TRANSLATIONAL_ELONGATION,0.5763023493360572,0.5069182389937107,0.449438202247191,0.49559748427672956
2741,GO_REGULATION_OF_CELL_SUBSTRATE_ADHESION,0.6748723186925435,0.5238993710691824,0.46751787538304396,0.5113207547169811
2742,GO_CYTOKINE_SECRETION,0.5876404494382022,0.4861635220125786,0.4866189989785495,0.4811320754716981
2743,GO_POSITIVE_REGULATION_OF_OXIDOREDUCTASE_ACTIVITY,0.6239019407558734,0.5666666666666667,0.4901940755873341,0.47547169811320755
2744,GO_LYMPHOCYTE_CHEMOTAXIS,0.5446373850868232,0.5314465408805031,0.5,0.5
2745,GO_MESODERMAL_CELL_DIFFERENTIATION,0.5831460674157303,0.42955974842767297,0.4866189989785495,0.49056603773584906
2746,GO_METANEPHRIC_MESENCHYME_DEVELOPMENT,0.5472931562819203,0.5232704402515723,0.49570990806945864,0.5333333333333333
2747,GO_BENZENE_CONTAINING_COMPOUND_METABOLIC_PROCESS,0.5550561797752809,0.5150943396226415,0.48488253319714,0.49559748427672956
2748,GO_AUDITORY_RECEPTOR_CELL_DEVELOPMENT,0.592849846782431,0.5823899371069182,0.47242083758937686,0.48553459119496856
2749,GO_REGULATION_OF_ACROSOME_REACTION,0.5420837589376916,0.5654088050314465,0.4943820224719101,0.49056603773584906
2750,GO_NEURONAL_STEM_CELL_POPULATION_MAINTENANCE,0.5506639427987743,0.590566037735849,0.4879468845760981,0.5238993710691824
2751,GO_ORGANIC_CYCLIC_COMPOUND_CATABOLIC_PROCESS,0.7341164453524005,0.42955974842767297,0.4306435137895812,0.5761006289308176
2752,GO_ACTIN_FILAMENT_POLYMERIZATION,0.5941777323799795,0.5314465408805031,0.48314606741573035,0.5333333333333333
2753,GO_SMOOTH_MUSCLE_CONTRACTION,0.626046986721144,0.6176100628930817,0.47681307456588357,0.5716981132075472
2754,GO_MACROPHAGE_CHEMOTAXIS,0.5251276813074566,0.4716981132075472,0.4914198161389173,0.5572327044025157
2755,GO_NEUTRAL_LIPID_METABOLIC_PROCESS,0.6399387129724208,0.5163522012578616,0.4889683350357508,0.49748427672955975
2756,GO_POSITIVE_REGULATION_OF_INTERLEUKIN_4_PRODUCTION,0.5436159346271706,0.5522012578616352,0.4967313585291114,0.5622641509433962
2757,GO_DEFENSE_RESPONSE_TO_GRAM_POSITIVE_BACTERIUM,0.6278855975485189,0.5559748427672956,0.48314606741573035,0.5572327044025157
2758,GO_RESPONSE_TO_LIPOPROTEIN_PARTICLE,0.5240040858018385,0.5981132075471698,0.4844739530132789,0.5144654088050314
2759,GO_AMINO_ACID_BETAINE_METABOLIC_PROCESS,0.5636363636363636,0.5572327044025157,0.4887640449438202,0.5238993710691824
2760,GO_ALPHA_BETA_T_CELL_ACTIVATION,0.6438202247191012,0.5534591194968553,0.4550561797752809,0.5050314465408805
2761,GO_RIBONUCLEOPROTEIN_COMPLEX_DISASSEMBLY,0.5117466802860061,0.5333333333333333,0.47752808988764045,0.4811320754716981
2762,GO_CELL_SUBSTRATE_ADHERENS_JUNCTION_ASSEMBLY,0.5934627170582226,0.5559748427672956,0.48488253319714,0.5138364779874214
2763,GO_ENTEROENDOCRINE_CELL_DIFFERENTIATION,0.5883554647599591,0.5735849056603773,0.4922369765066394,0.5666666666666667
2764,GO_REGULATION_OF_JNK_CASCADE,0.660367722165475,0.590566037735849,0.4364657814096016,0.5654088050314465
2765,GO_CELLULAR_ALDEHYDE_METABOLIC_PROCESS,0.6152196118488253,0.5641509433962264,0.479979570990807,0.5226415094339623
2766,GO_RHYTHMIC_BEHAVIOR,0.5910112359550562,0.5433962264150943,0.48314606741573035,0.5238993710691824
2767,GO_DEVELOPMENTAL_PIGMENTATION,0.5953013278855976,0.5811320754716981,0.478855975485189,0.5666666666666667
2768,GO_ARGININE_METABOLIC_PROCESS,0.5838610827374873,0.5559748427672956,0.4922369765066394,0.49056603773584906
2769,GO_ACIDIC_AMINO_ACID_TRANSPORT,0.5827374872318692,0.5559748427672956,0.5,0.5
2770,GO_NON_RECOMBINATIONAL_REPAIR,0.600715015321757,0.5276729559748428,0.44239019407558733,0.529559748427673
2771,GO_CARBOHYDRATE_METABOLIC_PROCESS,0.7272727272727273,0.530188679245283,0.4595505617977528,0.6276729559748427
2772,GO_REGULATION_OF_ACTIN_FILAMENT_BUNDLE_ASSEMBLY,0.6622063329928498,0.620754716981132,0.47906026557711945,0.5452830188679246
2773,GO_OLFACTORY_LOBE_DEVELOPMENT,0.606435137895812,0.5251572327044025,0.5,0.5
2774,GO_RESPONSE_TO_INTERLEUKIN_6,0.5927477017364657,0.5383647798742138,0.4844739530132789,0.5238993710691824
2775,GO_VASCULOGENESIS,0.6103166496424923,0.4710691823899371,0.482635342185904,0.4761006289308176
2776,GO_LIPOPOLYSACCHARIDE_MEDIATED_SIGNALING_PATHWAY,0.5918283963227784,0.5050314465408805,0.5,0.5
2777,GO_REGULATION_OF_CELL_CELL_ADHESION,0.6764044943820225,0.5937106918238995,0.4536261491317671,0.4559748427672956
2778,GO_BRANCHING_INVOLVED_IN_LABYRINTHINE_LAYER_MORPHOGENESIS,0.5368743615934627,0.49056603773584906,0.49785495403472924,0.49056603773584906
2779,GO_REGULATION_OF_SMOOTH_MUSCLE_CELL_PROLIFERATION,0.5893769152196119,0.6949685534591195,0.4648621041879469,0.5490566037735849
2780,GO_IMMUNE_RESPONSE,0.7241062308478039,0.6660377358490566,0.4882533197139939,0.6289308176100629
2781,GO_REGULATION_OF_T_CELL_MEDIATED_IMMUNITY,0.5628192032686415,0.49559748427672956,0.4708886618998978,0.5459119496855346
2782,GO_POSITIVE_REGULATION_OF_CAMP_METABOLIC_PROCESS,0.6209397344228804,0.5767295597484277,0.46853932584269664,0.5477987421383648
2783,GO_MECHANORECEPTOR_DIFFERENTIATION,0.6219611848825333,0.5937106918238994,0.4573033707865168,0.530188679245283
2784,GO_HISTONE_UBIQUITINATION,0.6346271705822267,0.4477987421383648,0.4561797752808989,0.5069182389937107
2785,GO_CELLULAR_RESPONSE_TO_ANTIBIOTIC,0.5772216547497446,0.5528301886792453,0.5,0.5
2786,GO_NEGATIVE_REGULATION_OF_LYASE_ACTIVITY,0.5842696629213483,0.5811320754716981,0.4879468845760981,0.5289308176100629
2787,GO_NEURON_APOPTOTIC_PROCESS,0.5926455566905006,0.5817610062893082,0.4866189989785495,0.5144654088050314
2788,GO_REGULATION_OF_VASOCONSTRICTION,0.6006128702757917,0.5132075471698113,0.45423901940755873,0.5578616352201258
2789,GO_CELLULAR_RESPONSE_TO_FATTY_ACID,0.6484167517875382,0.540251572327044,0.4752808988764045,0.540251572327044
2790,GO_MONOVALENT_INORGANIC_ANION_HOMEOSTASIS,0.6005107252298264,0.5666666666666667,0.49867211440245146,0.5050314465408805
2791,GO_REGULATION_OF_PH,0.6970377936670071,0.6012578616352201,0.4729315628192033,0.5767295597484277
2792,GO_CYCLOOXYGENASE_PATHWAY,0.5355464759959141,0.5572327044025157,0.4879468845760981,0.49056603773584906
2793,GO_OXIDOREDUCTION_COENZYME_METABOLIC_PROCESS,0.6275791624106231,0.5037735849056604,0.4718079673135852,0.5861635220125786
2794,GO_CELL_SURFACE_RECEPTOR_SIGNALING_PATHWAY_INVOLVED_IN_CELL_CELL_SIGNALING,0.6563840653728295,0.5477987421383648,0.4793667007150153,0.4861635220125786
2795,GO_POSITIVE_REGULATION_OF_RESPONSE_TO_CYTOKINE_STIMULUS,0.619611848825332,0.5452830188679245,0.47752808988764045,0.5333333333333333
2796,GO_PROTEOGLYCAN_BIOSYNTHETIC_PROCESS,0.6615934627170582,0.5415094339622641,0.4820224719101123,0.5238993710691824
2797,GO_GRANULOCYTE_DIFFERENTIATION,0.5034729315628191,0.49056603773584906,0.47538304392236974,0.5333333333333333
2798,GO_GOLGI_RIBBON_FORMATION,0.541164453524004,0.4861635220125786,0.49785495403472924,0.5333333333333333
2799,GO_NEGATIVE_REGULATION_OF_ENDOPLASMIC_RETICULUM_UNFOLDED_PROTEIN_RESPONSE,0.5433094994892748,0.49056603773584906,0.4887640449438202,0.49056603773584906
2800,GO_DEOXYRIBONUCLEOTIDE_BIOSYNTHETIC_PROCESS,0.5489274770173647,0.5238993710691824,0.5,0.5
2801,GO_PROTEIN_LOCALIZATION_TO_GOLGI_APPARATUS,0.5847803881511747,0.5955974842767295,0.4922369765066394,0.5666666666666667
2802,GO__DE_NOVO_POSTTRANSLATIONAL_PROTEIN_FOLDING,0.5272727272727272,0.49056603773584906,0.4866189989785495,0.49056603773584906
2803,GO_POSITIVE_REGULATION_OF_PROTEIN_COMPLEX_ASSEMBLY,0.6292134831460674,0.5886792452830188,0.5018386108273748,0.5471698113207547
2804,GO_PERK_MEDIATED_UNFOLDED_PROTEIN_RESPONSE,0.517364657814096,0.5333333333333333,0.49009193054136874,0.46226415094339623
2805,GO_RESPONSE_TO_CORTICOSTERONE,0.5887640449438202,0.569811320754717,0.4887640449438202,0.5238993710691824
2806,GO_REGULATION_OF_VIRAL_TRANSCRIPTION,0.5493360572012257,0.560377358490566,0.47528089887640446,0.5490566037735849
2807,GO_NEGATIVE_REGULATION_OF_PROTEIN_COMPLEX_DISASSEMBLY,0.6496424923391215,0.6622641509433963,0.45158324821246165,0.540251572327044
2808,GO_POSITIVE_REGULATION_OF_CYSTEINE_TYPE_ENDOPEPTIDASE_ACTIVITY_INVOLVED_IN_APOPTOTIC_SIGNALING_PATHWAY,0.5516853932584269,0.6,0.49785495403472924,0.49056603773584906
2809,GO_TUBE_FORMATION,0.650561797752809,0.590566037735849,0.446782431052094,0.5264150943396226
2810,GO_CELLULAR_RESPONSE_TO_STEROID_HORMONE_STIMULUS,0.7038815117466803,0.5459119496855346,0.42206332992849843,0.45031446540880504
2811,GO_RIBONUCLEOPROTEIN_COMPLEX_BIOGENESIS,0.6570990806945863,0.49937106918238994,0.4217568947906027,0.5465408805031446
2812,GO_MEIOTIC_CELL_CYCLE,0.6741573033707865,0.520125786163522,0.4062308478038815,0.5522012578616352
2813,GO_POSITIVE_REGULATION_OF_RENAL_SODIUM_EXCRETION,0.5580183861082737,0.5572327044025157,0.4866189989785495,0.49056603773584906
2814,GO_RESPONSE_TO_STIMULUS_INVOLVED_IN_REGULATION_OF_MUSCLE_ADAPTATION,0.5775280898876404,0.4811320754716981,0.4844739530132789,0.49056603773584906
2815,GO_CELL_FATE_DETERMINATION,0.5943820224719102,0.6069182389937107,0.47538304392236974,0.49056603773584906
2816,GO_DETECTION_OF_MECHANICAL_STIMULUS_INVOLVED_IN_SENSORY_PERCEPTION_OF_SOUND,0.5931562819203269,0.5207547169811321,0.478855975485189,0.5666666666666667
2817,GO_REGULATION_OF_OSTEOBLAST_DIFFERENTIATION,0.6769152196118489,0.5817610062893082,0.4555669050051072,0.5641509433962264
2818,GO_POSITIVE_REGULATION_OF_TELOMERE_MAINTENANCE,0.5866189989785495,0.5144654088050314,0.4810010214504596,0.5477987421383648
2819,GO_POSITIVE_REGULATION_OF_EPIDERMAL_GROWTH_FACTOR_ACTIVATED_RECEPTOR_ACTIVITY,0.5524004085801838,0.5333333333333333,0.5,0.5
2820,GO_MRNA_TRANSCRIPTION,0.5672114402451481,0.5981132075471698,0.4914198161389173,0.49559748427672956
2821,GO_COENZYME_METABOLIC_PROCESS,0.6593462717058222,0.5559748427672956,0.4789581205311542,0.5981132075471698
2822,GO_CELLULAR_LIPID_METABOLIC_PROCESS,0.6814096016343207,0.6679245283018869,0.475076608784474,0.5169811320754718
2823,GO_GDP_METABOLIC_PROCESS,0.616649642492339,0.5867924528301887,0.5,0.5
2824,GO_REGULATION_OF_PROTEIN_HOMOOLIGOMERIZATION,0.555056179775281,0.5238993710691824,0.4943820224719101,0.49056603773584906
2825,GO_REGULATION_OF_FATTY_ACID_BIOSYNTHETIC_PROCESS,0.5796731358529111,0.5477987421383648,0.4879468845760981,0.49056603773584906
2826,GO_POTASSIUM_ION_IMPORT,0.6042900919305413,0.5559748427672956,0.47936670071501536,0.5069182389937107
2827,GO_POSTTRANSCRIPTIONAL_GENE_SILENCING,0.5546475995914197,0.5157232704402516,0.48314606741573035,0.49056603773584906
2828,GO_CELLULAR_RESPONSE_TO_DSRNA,0.5554647599591419,0.5257861635220126,0.4698672114402452,0.5716981132075472
2829,GO_INTERSPECIES_INTERACTION_BETWEEN_ORGANISMS,0.7208375893769152,0.5628930817610063,0.45893769152196123,0.5597484276729561
2830,GO_POSITIVE_REGULATION_OF_INTERFERON_GAMMA_BIOSYNTHETIC_PROCESS,0.5272727272727272,0.5238993710691824,0.4732379979570991,0.6
2831,GO_LAMELLIPODIUM_ORGANIZATION,0.5643513789581205,0.5056603773584906,0.47875383043922376,0.5893081761006289
2832,GO_ADENYLATE_CYCLASE_MODULATING_G_PROTEIN_COUPLED_RECEPTOR_SIGNALING_PATHWAY,0.6858018386108274,0.6018867924528302,0.43503575076608786,0.5169811320754717
2833,GO_PROTEIN_TARGETING_TO_PLASMA_MEMBRANE,0.5892747701736466,0.6955974842767296,0.49244126659856996,0.5591194968553459
2834,GO_REGULATION_OF_DNA_DAMAGE_CHECKPOINT,0.5286006128702757,0.5333333333333333,0.4943820224719101,0.49056603773584906
2835,GO_NEGATIVE_REGULATION_OF_LYMPHOCYTE_MEDIATED_IMMUNITY,0.5684371807967314,0.49559748427672956,0.46292134831460674,0.5955974842767295
2836,GO_NEGATIVE_REGULATION_OF_LIPID_TRANSPORT,0.6024514811031664,0.5522012578616352,0.49182839632277836,0.5811320754716981
2837,GO_REGULATION_OF_HEART_RATE_BY_CARDIAC_CONDUCTION,0.6151174668028601,0.5666666666666668,0.4866189989785495,0.5477987421383648
2838,GO_KETONE_BIOSYNTHETIC_PROCESS,0.5360572012257406,0.5383647798742138,0.4887640449438202,0.5333333333333333
2839,GO_I_KAPPAB_PHOSPHORYLATION,0.5415730337078651,0.46729559748427674,0.4991828396322778,0.5238993710691824
2840,GO_POSITIVE_REGULATION_OF_MRNA_3_END_PROCESSING,0.5498467824310521,0.5050314465408805,0.4991828396322778,0.5238993710691824
2841,GO_GROOMING_BEHAVIOR,0.6244126659856997,0.5383647798742138,0.48314606741573035,0.5333333333333333
2842,GO_REGULATION_OF_HISTONE_H3_K4_METHYLATION,0.5621041879468845,0.5572327044025157,0.4887640449438202,0.49056603773584906
2843,GO_GLUCOSE_METABOLIC_PROCESS,0.6687436159346273,0.5540880503144654,0.46567926455566905,0.6069182389937107
2844,GO_POSITIVE_REGULATION_OF_BLOOD_PRESSURE,0.5446373850868234,0.5383647798742138,0.4887640449438202,0.5333333333333333
2845,GO_REGULATION_OF_ANOIKIS,0.5502553626149133,0.5811320754716981,0.48794688457609803,0.48050314465408805
2846,GO_POSITIVE_REGULATION_OF_CARDIAC_MUSCLE_CELL_PROLIFERATION,0.6059244126659857,0.5993710691823899,0.4938712972420838,0.4767295597484277
2847,GO_NEGATIVE_REGULATION_OF_VIRAL_ENTRY_INTO_HOST_CELL,0.5528089887640448,0.5490566037735849,0.4866189989785495,0.5238993710691824
2848,GO_NEGATIVE_REGULATION_OF_B_CELL_PROLIFERATION,0.5423901940755874,0.5289308176100629,0.5,0.5
2849,GO_PURINE_NUCLEOBASE_METABOLIC_PROCESS,0.5433094994892748,0.4716981132075472,0.5,0.5
2850,GO_MITOCHONDRIAL_CALCIUM_ION_TRANSPORT,0.5451481103166496,0.5050314465408805,0.5,0.5
2851,GO_NUCLEOBASE_CONTAINING_SMALL_MOLECULE_INTERCONVERSION,0.5216547497446373,0.5333333333333333,0.4887640449438202,0.5333333333333333
2852,GO_MITOCHONDRIAL_FUSION,0.5160367722165474,0.49056603773584906,0.49570990806945864,0.5238993710691824
2853,GO_REGULATION_OF_DEPHOSPHORYLATION,0.7070480081716037,0.5037735849056604,0.45699693564862104,0.5257861635220126
2854,GO_CARBOHYDRATE_HOMEOSTASIS,0.6615934627170582,0.5534591194968553,0.45056179775280897,0.5163522012578616
2855,GO_NEURON_PROJECTION_REGENERATION,0.5891726251276813,0.5452830188679245,0.49785495403472924,0.49056603773584906
2856,GO_CARTILAGE_DEVELOPMENT_INVOLVED_IN_ENDOCHONDRAL_BONE_MORPHOGENESIS,0.6015321756894791,0.5270440251572327,0.4922369765066394,0.5477987421383648
2857,GO_NEGATIVE_REGULATION_OF_EPIDERMAL_CELL_DIFFERENTIATION,0.5483146067415731,0.5930817610062893,0.47752808988764045,0.4811320754716981
2858,GO_LONG_TERM_SYNAPTIC_POTENTIATION,0.5953013278855976,0.5050314465408805,0.4718079673135852,0.590566037735849
2859,GO_MONOCARBOXYLIC_ACID_TRANSPORT,0.6746680286006128,0.5685534591194968,0.48621041879468846,0.5314465408805031
2860,GO_REGULATION_OF_CYTOSKELETON_ORGANIZATION,0.723391215526047,0.5679245283018868,0.4507660878447395,0.5465408805031446
2861,GO_SEX_DIFFERENTIATION,0.6664964249233911,0.6767295597484277,0.4586312563840653,0.5144654088050314
2862,GO_NEGATIVE_REGULATION_OF_HORMONE_SECRETION,0.6452502553626149,0.5836477987421383,0.4820224719101123,0.4811320754716981
2863,GO_CELL_CYCLE,0.6916241062308478,0.5974842767295597,0.4843718079673136,0.5446540880503146
2864,GO_CELLULAR_RESPONSE_TO_PH,0.6006128702757916,0.580503144654088,0.4879468845760981,0.49056603773584906
2865,GO_DSRNA_FRAGMENTATION,0.5342185903983656,0.5333333333333333,0.48314606741573035,0.49056603773584906
2866,GO_NEGATIVE_REGULATION_OF_CATECHOLAMINE_SECRETION,0.5592441266598569,0.5477987421383648,0.4966292134831461,0.5811320754716981
2867,GO_REGULATION_OF_INTRINSIC_APOPTOTIC_SIGNALING_PATHWAY_IN_RESPONSE_TO_DNA_DAMAGE,0.5636363636363636,0.5572327044025157,0.4914198161389173,0.5572327044025157
2868,GO_RESPONSE_TO_VITAMIN_E,0.583758937691522,0.5723270440251572,0.5,0.5
2869,GO_POSITIVE_REGULATION_OF_PROTEIN_KINASE_B_SIGNALING,0.6088866189989786,0.5937106918238994,0.45669050051072524,0.4949685534591195
2870,GO_LYMPH_VESSEL_MORPHOGENESIS,0.56414708886619,0.5383647798742138,0.4867211440245148,0.5050314465408805
2871,GO_POSITIVE_REGULATION_OF_CALCIUM_ION_IMPORT,0.5806945863125638,0.5836477987421383,0.4713993871297241,0.5069182389937107
2872,GO_NUCLEAR_IMPORT,0.5996935648621042,0.4767295597484277,0.4471910112359551,0.5433962264150943
2873,GO_DETECTION_OF_ABIOTIC_STIMULUS,0.6782431052093972,0.6232704402515723,0.4561797752808989,0.590566037735849
2874,GO_OLIGOSACCHARIDE_BIOSYNTHETIC_PROCESS,0.5383043922369766,0.5666666666666667,0.4943820224719101,0.49056603773584906
2875,GO_CARDIAC_MUSCLE_CELL_ACTION_POTENTIAL,0.6146067415730337,0.5855345911949685,0.49356486210418793,0.5238993710691824
2876,GO_NEGATIVE_REGULATION_OF_CELL_CYCLE_G2_M_PHASE_TRANSITION,0.5424923391215526,0.5238993710691824,0.4922369765066394,0.5238993710691824
2877,GO_PURINE_NUCLEOSIDE_CATABOLIC_PROCESS,0.5272727272727272,0.49056603773584906,0.49785495403472924,0.5666666666666667
2878,GO_NEGATIVE_REGULATION_OF_CYTOSKELETON_ORGANIZATION,0.6812053115423902,0.5993710691823899,0.4545454545454546,0.5559748427672956
2879,GO_RESPONSE_TO_MUSCLE_ACTIVITY,0.5743615934627171,0.5477987421383648,0.4823289070480081,0.46226415094339623
2880,GO_NEGATIVE_REGULATION_OF_JNK_CASCADE,0.5789581205311541,0.5735849056603773,0.49785495403472924,0.5333333333333333
2881,GO_REGULATION_OF_MYOTUBE_DIFFERENTIATION,0.5990806945863125,0.4937106918238994,0.48478038815117463,0.5477987421383648
2882,GO_REGULATION_OF_CATENIN_IMPORT_INTO_NUCLEUS,0.5439223697650664,0.5050314465408805,0.4887640449438202,0.46226415094339623
2883,GO_FUSION_OF_SPERM_TO_EGG_PLASMA_MEMBRANE,0.5623084780388151,0.5811320754716981,0.5,0.5
2884,GO_TRACHEA_MORPHOGENESIS,0.5537282941777323,0.5238993710691824,0.4922369765066394,0.5477987421383648
2885,GO_POSITIVE_REGULATION_OF_RESPONSE_TO_BIOTIC_STIMULUS,0.6036772216547498,0.5283018867924528,0.4866189989785495,0.5333333333333333
2886,GO_ENDOTHELIAL_CELL_PROLIFERATION,0.5393258426966293,0.5138364779874214,0.4871297242083759,0.49056603773584906
2887,GO_LIPID_PHOSPHORYLATION,0.6678243105209397,0.5849056603773585,0.5026557711950971,0.49559748427672956
2888,GO_CELLULAR_CARBOHYDRATE_METABOLIC_PROCESS,0.6365679264555669,0.5610062893081761,0.4802860061287027,0.5226415094339623
2889,GO_NUCLEOSIDE_PHOSPHATE_CATABOLIC_PROCESS,0.6556690500510726,0.5729559748427673,0.45577119509703773,0.5924528301886792
2890,GO_CELLULAR_RESPONSE_TO_STARVATION,0.6695607763023493,0.6314465408805032,0.4465781409601634,0.4339622641509434
2891,GO_VESICLE_MEDIATED_TRANSPORT_BETWEEN_ENDOSOMAL_COMPARTMENTS,0.5408580183861083,0.5238993710691824,0.4810010214504596,0.5238993710691824
2892,GO_RESPONSE_TO_DRUG,0.7185903983656792,0.538993710691824,0.47129724208375895,0.5861635220125787
2893,GO_LIPID_BIOSYNTHETIC_PROCESS,0.7121552604698671,0.580503144654088,0.46567926455566905,0.6440251572327044
2894,GO_AMMONIUM_TRANSPORT,0.6669050051072523,0.5874213836477987,0.4943820224719101,0.5333333333333333
2895,GO_PHOTORECEPTOR_CELL_DIFFERENTIATION,0.606026557711951,0.6157232704402515,0.4545454545454546,0.4710691823899371
2896,GO_ORGANONITROGEN_COMPOUND_METABOLIC_PROCESS,0.7089887640449439,0.6339622641509435,0.4699693564862104,0.6
2897,GO_MEGAKARYOCYTE_DIFFERENTIATION,0.5433094994892748,0.5333333333333333,0.49785495403472924,0.5238993710691824
2898,GO_PROTEIN_DEPOLYMERIZATION,0.579979570990807,0.6138364779874214,0.48478038815117463,0.49559748427672956
2899,GO_CELLULAR_RESPONSE_TO_CALCIUM_ION,0.5887640449438203,0.5716981132075472,0.46169560776302354,0.550314465408805
2900,GO_DNA_METHYLATION_OR_DEMETHYLATION,0.6372829417773238,0.5226415094339623,0.47885597548518893,0.5333333333333333
2901,GO_NEGATIVE_REGULATION_OF_EXTRINSIC_APOPTOTIC_SIGNALING_PATHWAY_VIA_DEATH_DOMAIN_RECEPTORS,0.6140960163432074,0.5157232704402516,0.5,0.5
2902,GO_POSITIVE_REGULATION_OF_CANONICAL_WNT_SIGNALING_PATHWAY,0.6382022471910113,0.6842767295597485,0.48365679264555667,0.5050314465408805
2903,GO_GLOMERULAR_EPITHELIUM_DEVELOPMENT,0.5999999999999999,0.5446540880503145,0.49009193054136874,0.5333333333333333
2904,GO_MITOTIC_RECOMBINATION,0.5803881511746679,0.4949685534591195,0.49356486210418793,0.4811320754716981
2905,GO_STRAND_DISPLACEMENT,0.5894790602655772,0.5647798742138365,0.4866189989785495,0.49056603773584906
2906,GO_PURINERGIC_NUCLEOTIDE_RECEPTOR_SIGNALING_PATHWAY,0.5756894790602655,0.5232704402515723,0.4943820224719101,0.49056603773584906
2907,GO_REGULATION_OF_NEURON_PROJECTION_DEVELOPMENT,0.6862104187946885,0.5849056603773586,0.4228804902962206,0.669811320754717
2908,GO_MICROTUBULE_ORGANIZING_CENTER_ORGANIZATION,0.6366700715015322,0.6849056603773586,0.44841675178753826,0.5735849056603773
2909,GO_PIRNA_METABOLIC_PROCESS,0.5740551583248212,0.5490566037735849,0.49785495403472924,0.49056603773584906
2910,GO_NEGATIVE_REGULATION_OF_GLUCOSE_TRANSPORT,0.5181818181818182,0.49056603773584906,0.4823289070480081,0.6050314465408805
2911,GO_VACUOLE_ORGANIZATION,0.621859039836568,0.5125786163522013,0.4589376915219612,0.6811320754716982
2912,GO_CARDIOCYTE_DIFFERENTIATION,0.6992849846782431,0.4918238993710692,0.4764044943820225,0.5182389937106918
2913,GO_RESPONSE_TO_GROWTH_FACTOR,0.7121552604698673,0.5748427672955976,0.46537282941777325,0.5427672955974843
2914,GO_POSITIVE_REGULATION_OF_WOUND_HEALING,0.6351378958120532,0.5213836477987421,0.48569969356486214,0.5490566037735849
2915,GO_REGULATION_OF_LEUKOCYTE_MEDIATED_IMMUNITY,0.624514811031665,0.5251572327044025,0.4373850868232891,0.5987421383647799
2916,GO_NEGATIVE_REGULATION_OF_CELLULAR_SENESCENCE,0.5325842696629214,0.5955974842767295,0.48968335035750765,0.519496855345912
2917,GO_POSITIVE_REGULATION_OF_ACTIVATED_T_CELL_PROLIFERATION,0.5429009193054136,0.519496855345912,0.4991828396322778,0.4811320754716981
2918,GO_RETROGRADE_VESICLE_MEDIATED_TRANSPORT_GOLGI_TO_ER,0.6568947906026558,0.6289308176100629,0.4887640449438202,0.49056603773584906
2919,GO_NEGATIVE_REGULATION_OF_CELL_CYCLE_PHASE_TRANSITION,0.6465781409601634,0.5339622641509434,0.4667007150153218,0.4949685534591195
2920,GO_DIENCEPHALON_DEVELOPMENT,0.6203268641470888,0.49433962264150944,0.46976506639427984,0.5647798742138365
2921,GO_POSITIVE_REGULATION_OF_MYOBLAST_DIFFERENTIATION,0.5652706843718079,0.5050314465408805,0.4887640449438202,0.49056603773584906
2922,GO_MITOCHONDRION_ORGANIZATION,0.7045965270684372,0.5591194968553459,0.4921348314606741,0.5823899371069182
2923,GO_HAIR_CELL_DIFFERENTIATION,0.5927477017364657,0.640251572327044,0.47752808988764045,0.5144654088050314
2924,GO_REGULATION_OF_STEM_CELL_PROLIFERATION,0.6695607763023493,0.620125786163522,0.5008171603677221,0.46729559748427674
2925,GO_REGULATION_OF_CHROMATIN_ORGANIZATION,0.6465781409601635,0.5679245283018868,0.4495403472931563,0.6333333333333333
2926,GO_MEMBRANE_PROTEIN_ECTODOMAIN_PROTEOLYSIS,0.5312563840653728,0.5144654088050314,0.4991828396322778,0.46226415094339623
2927,GO_REGULATION_OF_MITOCHONDRIAL_MEMBRANE_POTENTIAL,0.5654749744637385,0.6314465408805031,0.4866189989785495,0.5238993710691824
2928,GO_PERICARDIUM_DEVELOPMENT,0.5441266598569969,0.5050314465408805,0.47191011235955055,0.49056603773584906
2929,GO_CELL_FATE_COMMITMENT,0.6327885597548518,0.6484276729559749,0.4280898876404495,0.4949685534591195
2930,GO_PEROXISOMAL_TRANSPORT,0.521144024514811,0.4811320754716981,0.4898876404494382,0.4811320754716981
2931,GO_POSITIVE_REGULATION_OF_ADHERENS_JUNCTION_ORGANIZATION,0.5802860061287027,0.5578616352201258,0.47732379979571,0.5144654088050314
2932,GO_POSITIVE_REGULATION_OF_PEPTIDYL_TYROSINE_PHOSPHORYLATION,0.6707865168539324,0.5069182389937107,0.4259448416751787,0.4830188679245283
2933,GO_REGULATION_OF_MYOBLAST_FUSION,0.563023493360572,0.5383647798742138,0.4887640449438202,0.49056603773584906
2934,GO_NEGATIVE_REGULATION_OF_HYDROLASE_ACTIVITY,0.6903983656792645,0.5786163522012578,0.4882533197139939,0.4987421383647799
2935,GO_REGULATION_OF_NEUROTRANSMITTER_UPTAKE,0.5654749744637385,0.5716981132075472,0.5,0.5
2936,GO_ACTIVIN_RECEPTOR_SIGNALING_PATHWAY,0.5481103166496425,0.5226415094339623,0.4938712972420838,0.5144654088050314
2937,GO_POSITIVE_REGULATION_OF_PROTEIN_ACETYLATION,0.6067415730337079,0.5716981132075472,0.48866189989785497,0.4716981132075472
2938,GO_NEGATIVE_REGULATION_OF_CALCIUM_ION_TRANSPORT,0.6020429009193055,0.5679245283018868,0.4651685393258427,0.5578616352201258
2939,GO_MULTI_ORGANISM_REPRODUCTIVE_PROCESS,0.6933605720122574,0.6496855345911949,0.5576098059244127,0.5981132075471698
2940,GO_RENAL_SYSTEM_VASCULATURE_DEVELOPMENT,0.5900919305413688,0.4981132075471698,0.4767109295199182,0.5477987421383648
2941,GO_REGULATION_OF_PLASMA_LIPOPROTEIN_PARTICLE_LEVELS,0.6050051072522983,0.529559748427673,0.5,0.5
2942,GO_DETECTION_OF_STIMULUS,0.713993871297242,0.6540880503144654,0.4956077630234933,0.6125786163522013
2943,GO_ESTABLISHMENT_OF_PROTEIN_LOCALIZATION_TO_VACUOLE,0.5951991828396322,0.5433962264150943,0.4943820224719101,0.4811320754716981
2944,GO_FUCOSE_METABOLIC_PROCESS,0.5883554647599591,0.5886792452830188,0.49244126659856996,0.5144654088050314
2945,GO_REGULATION_OF_AMINO_ACID_TRANSPORT,0.6179775280898877,0.49559748427672956,0.49570990806945864,0.5333333333333333
2946,GO_APOPTOTIC_DNA_FRAGMENTATION,0.5082737487231869,0.5477987421383648,0.4927477017364658,0.5050314465408805
2947,GO_HETEROPHILIC_CELL_CELL_ADHESION_VIA_PLASMA_MEMBRANE_CELL_ADHESION_MOLECULES,0.5961184882533197,0.5075471698113208,0.47415730337078654,0.5792452830188679
2948,GO_NEGATIVE_REGULATION_OF_LIPID_STORAGE,0.521144024514811,0.5069182389937107,0.4801838610827375,0.5144654088050314
2949,GO_REGULATION_OF_MICROVILLUS_ORGANIZATION,0.5674157303370787,0.479874213836478,0.5,0.5
2950,GO_SCF_DEPENDENT_PROTEASOMAL_UBIQUITIN_DEPENDENT_PROTEIN_CATABOLIC_PROCESS,0.5654749744637385,0.5050314465408805,0.5,0.5
2951,GO_REGULATION_OF_LEUKOCYTE_CHEMOTAXIS,0.6226762002042902,0.5477987421383648,0.46230847803881514,0.5559748427672956
2952,GO_ENTERIC_NERVOUS_SYSTEM_DEVELOPMENT,0.537691521961185,0.5572327044025157,0.48314606741573035,0.5333333333333333
2953,GO_MUSCLE_CELL_FATE_COMMITMENT,0.5657814096016343,0.5383647798742138,0.4887640449438202,0.49056603773584906
2954,GO_PERIPHERAL_NERVOUS_SYSTEM_AXON_ENSHEATHMENT,0.5861082737487231,0.5893081761006289,0.4922369765066394,0.5333333333333333
2955,GO_IRON_ION_IMPORT,0.561491317671093,0.5238993710691824,0.4810010214504596,0.5333333333333333
2956,GO_REGULATION_OF_METANEPHROS_DEVELOPMENT,0.5851889683350356,0.5622641509433962,0.46976506639427984,0.5666666666666667
2957,GO_NUCLEAR_TRANSCRIBED_MRNA_POLY_A_TAIL_SHORTENING,0.5467824310520939,0.5144654088050314,0.46414708886618994,0.5238993710691824
2958,GO_CELLULAR_RESPONSE_TO_AMINO_ACID_STIMULUS,0.6165474974463738,0.49056603773584906,0.4767109295199182,0.5477987421383648
2959,GO_DNA_GEOMETRIC_CHANGE,0.6203268641470889,0.5339622641509434,0.4653728294177732,0.4861635220125786
2960,GO_REGULATION_OF_GUANYLATE_CYCLASE_ACTIVITY,0.5735444330949949,0.5622641509433962,0.4922369765066394,0.49056603773584906
2961,GO_REGULATION_OF_MONOCYTE_DIFFERENTIATION,0.5437180796731358,0.5314465408805031,0.5,0.5
2962,GO_NUCLEOTIDE_EXCISION_REPAIR_DNA_INCISION,0.5342185903983656,0.5465408805031446,0.4732379979570991,0.49056603773584906
2963,GO_CERAMIDE_METABOLIC_PROCESS,0.6685393258426966,0.5245283018867924,0.46976506639427984,0.4761006289308176
2964,GO_REGULATION_OF_LAMELLIPODIUM_ORGANIZATION,0.5595505617977528,0.5088050314465409,0.5,0.5
2965,GO_REGULATION_OF_B_CELL_PROLIFERATION,0.5621041879468847,0.5811320754716981,0.4704800817160367,0.4767295597484277
2966,GO_REGULATION_OF_CELL_COMMUNICATION_BY_ELECTRICAL_COUPLING,0.5677221654749744,0.5289308176100629,0.5,0.5
2967,GO_SPINAL_CORD_ASSOCIATION_NEURON_DIFFERENTIATION,0.5379979570990807,0.5238993710691824,0.5,0.5
2968,GO_CYTOKINE_PRODUCTION_INVOLVED_IN_IMMUNE_RESPONSE,0.5707865168539327,0.6031446540880503,0.478855975485189,0.5666666666666667
2969,GO_DEOXYRIBOSE_PHOSPHATE_CATABOLIC_PROCESS,0.537691521961185,0.4811320754716981,0.4922369765066394,0.49056603773584906
2970,GO_HEART_VALVE_DEVELOPMENT,0.6511746680286006,0.5955974842767295,0.47538304392236974,0.5144654088050314
2971,GO_GLYCOSYL_COMPOUND_METABOLIC_PROCESS,0.6613891726251278,0.5937106918238994,0.4727272727272727,0.6352201257861636
2972,GO_REGULATION_OF_TUMOR_NECROSIS_FACTOR_MEDIATED_SIGNALING_PATHWAY,0.556179775280899,0.4811320754716981,0.47752808988764045,0.5333333333333333
2973,GO_PEPTIDYL_TYROSINE_MODIFICATION,0.6979570990806945,0.4767295597484277,0.49570990806945864,0.5528301886792453
2974,GO_LEUKOCYTE_CELL_CELL_ADHESION,0.7035750766087845,0.540251572327044,0.4251276813074566,0.5949685534591195
2975,GO_NEGATIVE_REGULATION_OF_LEUKOCYTE_DEGRANULATION,0.5216547497446373,0.49056603773584906,0.4866189989785495,0.46226415094339623
2976,GO_NUCLEAR_PORE_COMPLEX_ASSEMBLY,0.5558733401430032,0.5238993710691824,0.49570990806945864,0.49056603773584906
2977,GO_PROTEIN_LOCALIZATION_TO_ORGANELLE,0.6790602655771195,0.5176100628930818,0.42308478038815117,0.5779874213836478
2978,GO_PHOSPHATIDYLETHANOLAMINE_BIOSYNTHETIC_PROCESS,0.5195097037793667,0.5477987421383648,0.5,0.5
2979,GO_ENDOCYTIC_RECYCLING,0.5564862104187948,0.46226415094339623,0.5,0.5
2980,GO_CELLULAR_RESPONSE_TO_RADIATION,0.6440245148110315,0.6710691823899372,0.4286006128702758,0.5987421383647799
2981,GO_POSITIVE_REGULATION_OF_TRANSCRIPTION_REGULATORY_REGION_DNA_BINDING,0.5470888661899898,0.5666666666666667,0.4866189989785495,0.49056603773584906
2982,GO_REGULATION_OF_INTERLEUKIN_17_PRODUCTION,0.5852911133810009,0.5226415094339623,0.4943820224719101,0.49056603773584906
2983,GO_POSITIVE_REGULATION_OF_DENDRITE_MORPHOGENESIS,0.5916241062308478,0.5792452830188679,0.4645556690500511,0.5716981132075472
2984,GO_SUPEROXIDE_ANION_GENERATION,0.5467824310520939,0.49559748427672956,0.49570990806945864,0.5238993710691824
2985,GO_CELLULAR_RESPONSE_TO_KETONE,0.6574055158324821,0.5452830188679245,0.4887640449438202,0.49056603773584906
2986,GO_POSITIVE_REGULATION_OF_INTERLEUKIN_17_PRODUCTION,0.5775280898876404,0.5238993710691824,0.5,0.5
2987,GO_NEGATIVE_REGULATION_OF_APOPTOTIC_SIGNALING_PATHWAY,0.7002042900919305,0.5232704402515723,0.48488253319713986,0.5981132075471698
2988,GO_MULTICELLULAR_ORGANISMAL_HOMEOSTASIS,0.6797752808988764,0.4918238993710692,0.4869254341164453,0.5647798742138365
2989,GO_NEGATIVE_REGULATION_OF_CELL_CYCLE_G1_S_PHASE_TRANSITION,0.6379979570990807,0.6213836477987422,0.5058222676200205,0.44339622641509435
2990,GO_REGULATION_OF_MITOCHONDRIAL_OUTER_MEMBRANE_PERMEABILIZATION_INVOLVED_IN_APOPTOTIC_SIGNALING_PATHWAY,0.5603677221654749,0.6056603773584905,0.4606741573033708,0.5138364779874214
2991,GO_REGULATION_OF_SIGNAL_TRANSDUCTION_BY_P53_CLASS_MEDIATOR,0.6791624106230847,0.5383647798742138,0.497752808988764,0.5811320754716981
2992,GO_URONIC_ACID_METABOLIC_PROCESS,0.6314606741573033,0.6289308176100629,0.5,0.5
2993,GO_REGULATION_OF_DELAYED_RECTIFIER_POTASSIUM_CHANNEL_ACTIVITY,0.59244126659857,0.5647798742138365,0.4921348314606741,0.4716981132075472
2994,GO_POSITIVE_REGULATION_OF_CYTOKINE_PRODUCTION,0.6863125638406536,0.5654088050314465,0.42104187946884575,0.6194968553459119
2995,GO_RESPONSE_TO_YEAST,0.554749744637385,0.540251572327044,0.4887640449438202,0.5238993710691824
2996,GO_GAMETE_GENERATION,0.6442288049029622,0.6352201257861636,0.43227783452502555,0.5477987421383648
2997,GO_KIDNEY_MESENCHYME_DEVELOPMENT,0.5388151174668029,0.5238993710691824,0.4887640449438202,0.5333333333333333
2998,GO_REPLICATIVE_SENESCENCE,0.5575076608784474,0.5955974842767295,0.5,0.5
2999,GO_REGULATION_OF_CELLULAR_AMIDE_METABOLIC_PROCESS,0.6896833503575076,0.5144654088050314,0.44034729315628196,0.6314465408805032
3000,GO_DENDRITIC_SPINE_ORGANIZATION,0.549438202247191,0.5238993710691824,0.5,0.5
3001,GO_COCHLEA_DEVELOPMENT,0.6583248212461696,0.5981132075471698,0.4943820224719101,0.49056603773584906
3002,GO_HISTONE_H2A_ACETYLATION,0.5280898876404495,0.5069182389937107,0.5,0.5
3003,GO_DNA_REPLICATION_DEPENDENT_NUCLEOSOME_ORGANIZATION,0.5251276813074566,0.5144654088050314,0.49785495403472924,0.5238993710691824
3004,GO_CELLULAR_COMPONENT_MORPHOGENESIS,0.6775280898876404,0.5408805031446541,0.4495403472931563,0.5811320754716981
3005,GO_CELL_AGING,0.5718079673135853,0.5716981132075472,0.4598569969356486,0.5157232704402516
3006,GO_NEGATIVE_REGULATION_OF_MEGAKARYOCYTE_DIFFERENTIATION,0.5272727272727272,0.4716981132075472,0.4922369765066394,0.5238993710691824
3007,GO_ACTIVATION_OF_MAPKKK_ACTIVITY,0.527579162410623,0.5050314465408805,0.49009193054136874,0.49559748427672956
3008,GO_RRNA_3_END_PROCESSING,0.5034729315628191,0.49056603773584906,0.49785495403472924,0.5333333333333333
3009,GO_GLUTATHIONE_METABOLIC_PROCESS,0.5915219611848825,0.5509433962264151,0.49570990806945864,0.5238993710691824
3010,GO_POSITIVE_REGULATION_OF_PROTEIN_MODIFICATION_PROCESS,0.7013278855975486,0.6132075471698113,0.4787538304392237,0.49748427672955975
3011,GO_POSITIVE_REGULATION_OF_MICROTUBULE_POLYMERIZATION,0.5341164453524003,0.6,0.5,0.5
3012,GO_PYRIMIDINE_CONTAINING_COMPOUND_TRANSMEMBRANE_TRANSPORT,0.5251276813074566,0.5666666666666667,0.49009193054136874,0.5333333333333333
3013,GO_BRANCHED_CHAIN_AMINO_ACID_METABOLIC_PROCESS,0.5424923391215526,0.4339622641509434,0.4866189989785495,0.519496855345912
3014,GO_ENERGY_HOMEOSTASIS,0.5342185903983656,0.5333333333333333,0.4840653728294178,0.5289308176100629
3015,GO_NEGATIVE_REGULATION_OF_T_CELL_MEDIATED_IMMUNITY,0.554749744637385,0.48930817610062893,0.5,0.5
3016,GO_DEPHOSPHORYLATION,0.6951991828396322,0.6050314465408805,0.4070480081716037,0.469811320754717
3017,GO_REGULATION_OF_CELL_PROLIFERATION_INVOLVED_IN_HEART_MORPHOGENESIS,0.5537282941777323,0.5238993710691824,0.4927477017364658,0.519496855345912
3018,GO_MATERNAL_PROCESS_INVOLVED_IN_FEMALE_PREGNANCY,0.6014300306435139,0.5591194968553459,0.4858018386108274,0.4716981132075472
3019,GO_UBIQUINONE_METABOLIC_PROCESS,0.5370786516853933,0.5383647798742138,0.5,0.5
3020,GO_POSITIVE_REGULATION_OF_CELL_CELL_ADHESION,0.7060265577119509,0.6119496855345912,0.46046986721144034,0.5937106918238995
3021,GO_EARLY_ENDOSOME_TO_GOLGI_TRANSPORT,0.5475995914198162,0.5144654088050314,0.5,0.5
3022,GO_POSITIVE_REGULATION_OF_CATION_TRANSMEMBRANE_TRANSPORT,0.6669050051072524,0.5037735849056604,0.46006128702757915,0.5534591194968553
3023,GO_MORPHOGENESIS_OF_A_BRANCHING_STRUCTURE,0.706741573033708,0.6213836477987421,0.3987742594484167,0.5911949685534591
3024,GO_INTRACELLULAR_RECEPTOR_SIGNALING_PATHWAY,0.7446373850868232,0.6169811320754717,0.46659856996935645,0.5232704402515723
3025,GO_BEHAVIORAL_RESPONSE_TO_COCAINE,0.5561797752808989,0.6194968553459119,0.4662921348314607,0.5572327044025157
3026,GO_HISTONE_MRNA_METABOLIC_PROCESS,0.5330949948927476,0.5144654088050314,0.4866189989785495,0.5716981132075472
3027,GO_REGULATION_OF_ESTABLISHMENT_OF_PROTEIN_LOCALIZATION_TO_PLASMA_MEMBRANE,0.6017364657814096,0.5408805031446541,0.4772216547497446,0.5528301886792453
3028,GO_PYRIMIDINE_DEOXYRIBONUCLEOTIDE_METABOLIC_PROCESS,0.5398365679264555,0.5333333333333333,0.4922369765066394,0.49056603773584906
3029,GO_RESPONSE_TO_PARATHYROID_HORMONE,0.584167517875383,0.540251572327044,0.5,0.5
3030,GO_HINDBRAIN_MORPHOGENESIS,0.6244126659856997,0.5836477987421383,0.45638406537282944,0.49559748427672956
3031,GO_POSITIVE_REGULATION_OF_PRODUCTION_OF_MOLECULAR_MEDIATOR_OF_IMMUNE_RESPONSE,0.5924412665985699,0.5761006289308176,0.47946884576098064,0.46226415094339623
3032,GO_HIGH_DENSITY_LIPOPROTEIN_PARTICLE_REMODELING,0.5374872318692543,0.6069182389937107,0.4943820224719101,0.5333333333333333
3033,GO_POSITIVE_REGULATION_OF_PROTEIN_DEPOLYMERIZATION,0.5729315628192033,0.569811320754717,0.5,0.5
3034,GO_MUSCLE_HYPERTROPHY,0.5816138917262512,0.529559748427673,0.4887640449438202,0.49056603773584906
3035,GO_HUMORAL_IMMUNE_RESPONSE_MEDIATED_BY_CIRCULATING_IMMUNOGLOBULIN,0.6062308478038815,0.4968553459119497,0.4830439223697651,0.5389937106918239
3036,GO_NEGATIVE_REGULATION_OF_PROTEIN_LOCALIZATION_TO_CELL_PERIPHERY,0.5355464759959141,0.5245283018867924,0.49356486210418793,0.5333333333333333
3037,GO_REGULATION_OF_PHOSPHOLIPID_BIOSYNTHETIC_PROCESS,0.537691521961185,0.5333333333333333,0.47191011235955055,0.5238993710691824
3038,GO_MULTICELLULAR_ORGANISMAL_SIGNALING,0.6771195097037794,0.5572327044025157,0.4669050051072523,0.6050314465408805
3039,GO_NEGATIVE_REGULATION_OF_DEVELOPMENTAL_PROCESS,0.6835546475995915,0.5767295597484277,0.45720122574055155,0.5547169811320755
3040,GO_REGULATION_OF_HOMOTYPIC_CELL_CELL_ADHESION,0.6996935648621043,0.7069182389937108,0.4727272727272727,0.5415094339622641
3041,GO_ORGANIC_HYDROXY_COMPOUND_BIOSYNTHETIC_PROCESS,0.6689479060265576,0.5823899371069182,0.43278855975485186,0.5559748427672956
3042,GO_CDP_DIACYLGLYCEROL_METABOLIC_PROCESS,0.5216547497446373,0.5144654088050314,0.4764044943820224,0.5477987421383648
3043,GO_FUCOSYLATION,0.5954034729315628,0.5050314465408805,0.4922369765066394,0.5666666666666667
3044,GO_REGULATION_OF_TYPE_I_INTERFERON_MEDIATED_SIGNALING_PATHWAY,0.5836567926455567,0.5044025157232704,0.4922369765066394,0.5333333333333333
3045,GO_RHYTHMIC_PROCESS,0.6968335035750767,0.5169811320754717,0.4572012257405516,0.5553459119496855
3046,GO_NEUROMUSCULAR_PROCESS_CONTROLLING_POSTURE,0.6304392236976507,0.5339622641509434,0.4943820224719101,0.5238993710691824
3047,GO_MYOTUBE_DIFFERENTIATION,0.6480081716036772,0.5685534591194968,0.4810010214504596,0.5333333333333333
3048,GO_STEROID_HORMONE_MEDIATED_SIGNALING_PATHWAY,0.6824310520939733,0.6213836477987421,0.44382022471910115,0.5308176100628931
3049,GO_REGULATION_OF_RESPONSE_TO_BIOTIC_STIMULUS,0.6472931562819203,0.5742138364779874,0.4206332992849847,0.5849056603773585
3050,GO_POSITIVE_REGULATION_OF_CELL_SIZE,0.5684371807967314,0.5333333333333333,0.4922369765066394,0.49056603773584906
3051,GO_DETECTION_OF_LIGHT_STIMULUS_INVOLVED_IN_SENSORY_PERCEPTION,0.5593462717058222,0.590566037735849,0.49060265577119505,0.5383647798742138
3052,GO_PROTEIN_LOCALIZATION_TO_CELL_SURFACE,0.5712972420837589,0.4861635220125786,0.4520939734422881,0.540251572327044
3053,GO_REGULATION_OF_INTERLEUKIN_8_SECRETION,0.5720122574055159,0.5383647798742138,0.47538304392236974,0.5238993710691824
3054,GO_REGULATION_OF_SUPEROXIDE_METABOLIC_PROCESS,0.5773237997957099,0.5716981132075472,0.49570990806945864,0.4528301886792453
3055,GO_PEPTIDYL_PROLINE_MODIFICATION,0.5390194075587335,0.5238993710691824,0.4887640449438202,0.5238993710691824
3056,GO_POSITIVE_REGULATION_OF_NEURON_MIGRATION,0.537691521961185,0.5044025157232704,0.449438202247191,0.49559748427672956
3057,GO_REGULATION_OF_LONG_TERM_NEURONAL_SYNAPTIC_PLASTICITY,0.6039836567926455,0.5415094339622641,0.478855975485189,0.5666666666666667
3058,GO_PHOSPHOLIPID_TRANSPORT,0.5878447395301327,0.5540880503144654,0.46312563840653725,0.529559748427673
3059,GO_ACROSOME_REACTION,0.5553626149131766,0.6446540880503145,0.4898876404494382,0.5245283018867924
3060,GO_SOMATIC_STEM_CELL_DIVISION,0.5580183861082737,0.5666666666666667,0.4983656792645556,0.4861635220125786
3061,GO_HISTONE_MRNA_CATABOLIC_PROCESS,0.5,0.5,0.4887640449438202,0.5477987421383648
3062,GO_ACETYL_COA_BIOSYNTHETIC_PROCESS,0.5264555669050051,0.5333333333333333,0.4922369765066394,0.49056603773584906
3063,GO_RESPONSE_TO_ARSENIC_CONTAINING_SUBSTANCE,0.5467824310520939,0.5238993710691824,0.4866189989785495,0.5238993710691824
3064,GO_REGULATION_OF_DNA_BIOSYNTHETIC_PROCESS,0.6684371807967314,0.5308176100628931,0.46741573033707867,0.5006289308176101
3065,GO_FIBROBLAST_GROWTH_FACTOR_RECEPTOR_SIGNALING_PATHWAY,0.6291113381001021,0.49245283018867925,0.4900919305413688,0.519496855345912
3066,GO_CARDIOLIPIN_METABOLIC_PROCESS,0.5216547497446373,0.5144654088050314,0.48314606741573035,0.49056603773584906
3067,GO_REGULATION_OF_CELL_CYCLE_ARREST,0.6477017364657813,0.5559748427672956,0.47885597548518893,0.5911949685534591
3068,GO_REGULATION_OF_MRNA_SPLICING_VIA_SPLICEOSOME,0.5764044943820225,0.5069182389937107,0.47671092951991834,0.5314465408805031
3069,GO_REGULATION_OF_ANATOMICAL_STRUCTURE_MORPHOGENESIS,0.6984678243105209,0.549685534591195,0.42175689479060263,0.6446540880503144
3070,GO_FEMALE_GAMETE_GENERATION,0.6406537282941778,0.5132075471698113,0.4586312563840654,0.5893081761006289
3071,GO_PLASMA_MEMBRANE_FUSION,0.6024514811031665,0.48930817610062893,0.4961184882533197,0.5238993710691824
3072,GO_EXTRACELLULAR_MATRIX_DISASSEMBLY,0.6472931562819204,0.5163522012578616,0.4604698672114403,0.5207547169811321
3073,GO_PROTEIN_HOMOOLIGOMERIZATION,0.7025536261491317,0.48427672955974843,0.43237997957099084,0.5025157232704403
3074,GO_REGULATION_OF_OXIDATIVE_STRESS_INDUCED_CELL_DEATH,0.6071501532175689,0.5528301886792453,0.4943820224719101,0.49056603773584906
3075,GO_TRANSCRIPTION_FROM_RNA_POLYMERASE_I_PROMOTER,0.5697650663942799,0.5383647798742138,0.4732379979570991,0.49056603773584906
3076,GO_REGULATION_OF_PEPTIDYL_THREONINE_PHOSPHORYLATION,0.5648621041879469,0.5037735849056604,0.4764044943820225,0.5238993710691824
3077,GO_NONMOTILE_PRIMARY_CILIUM_ASSEMBLY,0.5320735444330951,0.5572327044025157,0.439632277834525,0.5811320754716981
3078,GO_HEART_TRABECULA_FORMATION,0.5342185903983656,0.5050314465408805,0.47609805924412674,0.46226415094339623
3079,GO_BODY_FLUID_SECRETION,0.5988764044943822,0.620125786163522,0.4887640449438202,0.5333333333333333
3080,GO_TOR_SIGNALING,0.5532175689479061,0.5314465408805031,0.4764044943820224,0.5238993710691824
3081,GO_MEMBRANE_HYPERPOLARIZATION,0.5874361593462717,0.5471698113207547,0.5,0.5
3082,GO_CELLULAR_WATER_HOMEOSTASIS,0.5363636363636364,0.4811320754716981,0.4866189989785495,0.4767295597484277
3083,GO_POSITIVE_REGULATION_OF_CHROMOSOME_ORGANIZATION,0.6651685393258427,0.5484276729559748,0.45822267620020435,0.5540880503144654
3084,GO_ADENYLATE_CYCLASE_INHIBITING_G_PROTEIN_COUPLED_RECEPTOR_SIGNALING_PATHWAY,0.6321756894790602,0.630817610062893,0.48089887640449436,0.5710691823899371
3085,GO_RESPONSE_TO_VITAMIN,0.665270684371808,0.5144654088050314,0.47252298263534215,0.5144654088050314
3086,GO_REGULATION_OF_ATPASE_ACTIVITY,0.5848825331971399,0.5138364779874214,0.4646578140960163,0.540251572327044
3087,GO_NEGATIVE_REGULATION_OF_STRESS_ACTIVATED_PROTEIN_KINASE_SIGNALING_CASCADE,0.5893769152196118,0.4861635220125786,0.5,0.5
3088,GO_STRIATED_MUSCLE_CELL_PROLIFERATION,0.5383043922369766,0.49559748427672956,0.4943820224719101,0.49056603773584906
3089,GO_MUSCLE_FIBER_DEVELOPMENT,0.642594484167518,0.6559748427672956,0.4522982635342186,0.519496855345912
3090,GO_THALAMUS_DEVELOPMENT,0.5146067415730338,0.48742138364779874,0.49009193054136874,0.5138364779874214
3091,GO_STEROL_CATABOLIC_PROCESS,0.5515832482124617,0.49559748427672956,0.47752808988764045,0.5333333333333333
3092,GO_POSITIVE_REGULATION_OF_CYTOKINE_BIOSYNTHETIC_PROCESS,0.5783452502553625,0.5144654088050314,0.4566905005107252,0.6477987421383647
3093,GO_NEGATIVE_REGULATION_OF_CHEMOKINE_PRODUCTION,0.5251276813074566,0.4811320754716981,0.48314606741573035,0.5333333333333333
3094,GO_DETERMINATION_OF_ADULT_LIFESPAN,0.5997957099080694,0.5509433962264151,0.4943820224719101,0.49056603773584906
3095,GO_REGULATION_OF_PROTEIN_KINASE_C_SIGNALING,0.5363636363636363,0.5465408805031446,0.4879468845760981,0.49056603773584906
3096,GO_REGULATION_OF_CYSTEINE_TYPE_ENDOPEPTIDASE_ACTIVITY,0.6956077630234934,0.5144654088050314,0.42972420837589376,0.6150943396226416
3097,GO_REGULATION_OF_CELLULAR_RESPONSE_TO_STRESS,0.6972420837589377,0.5635220125786163,0.45852911133810015,0.5591194968553459
3098,GO_POSITIVE_REGULATION_OF_EPITHELIAL_CELL_MIGRATION,0.673953013278856,0.5849056603773585,0.4649642492339122,0.5383647798742138
3099,GO_MISMATCH_REPAIR,0.5609805924412666,0.5559748427672956,0.47262512768130743,0.5572327044025157
3100,GO_MACROPHAGE_DIFFERENTIATION,0.5503575076608784,0.5811320754716981,0.46741573033707867,0.5289308176100629
3101,GO_PHARYNGEAL_SYSTEM_DEVELOPMENT,0.5789581205311541,0.45723270440251573,0.49785495403472924,0.49056603773584906
3102,GO_REGULATION_OF_ESTABLISHMENT_OR_MAINTENANCE_OF_CELL_POLARITY,0.6186925434116446,0.5062893081761006,0.4748723186925434,0.4861635220125786
3103,GO_MYELIN_ASSEMBLY,0.5415730337078651,0.4716981132075472,0.4837589376915219,0.4716981132075472
3104,GO_HOMOTYPIC_CELL_CELL_ADHESION,0.6675178753830439,0.5823899371069182,0.49009193054136874,0.590566037735849
3105,GO_NEGATIVE_REGULATION_OF_EPITHELIAL_CELL_DIFFERENTIATION,0.5941777323799795,0.560377358490566,0.4927477017364658,0.519496855345912
3106,GO_ERROR_PRONE_TRANSLESION_SYNTHESIS,0.5216547497446373,0.49056603773584906,0.5,0.5
3107,GO_MAST_CELL_MEDIATED_IMMUNITY,0.5342185903983656,0.5144654088050314,0.478855975485189,0.5666666666666667
3108,GO_POSITIVE_REGULATION_OF_PROTEIN_DEACETYLATION,0.556179775280899,0.5144654088050314,0.4922369765066394,0.5144654088050314
3109,GO_NEGATIVE_REGULATION_OF_MITOTIC_NUCLEAR_DIVISION,0.6098059244126659,0.5245283018867924,0.48314606741573035,0.5333333333333333
3110,GO_HOMEOSTASIS_OF_NUMBER_OF_CELLS_WITHIN_A_TISSUE,0.5695607763023492,0.510062893081761,0.49009193054136874,0.46226415094339623
3111,GO_POSITIVE_REGULATION_OF_IMMUNE_EFFECTOR_PROCESS,0.6296220633299285,0.5735849056603773,0.44484167517875384,0.5484276729559748
3112,GO_UROGENITAL_SYSTEM_DEVELOPMENT,0.7349336057201226,0.6132075471698114,0.4789581205311542,0.49056603773584906
3113,GO_NEGATIVE_REGULATION_OF_CELL_ACTIVATION,0.6733401430030644,0.6144654088050314,0.4869254341164454,0.5842767295597484
3114,GO_CELLULAR_RESPONSE_TO_ALCOHOL,0.6421859039836568,0.5930817610062893,0.4773237997957098,0.4528301886792453
3115,GO_NEGATIVE_REGULATION_OF_MONOOXYGENASE_ACTIVITY,0.5363636363636364,0.49056603773584906,0.4943820224719101,0.49056603773584906
3116,GO_PEPTIDYL_TYROSINE_AUTOPHOSPHORYLATION,0.6140960163432074,0.48050314465408805,0.4937691521961185,0.560377358490566
3117,GO_CELL_JUNCTION_ASSEMBLY,0.7010214504596528,0.6238993710691824,0.4821246169560776,0.6584905660377358
3118,GO_LATERAL_VENTRICLE_DEVELOPMENT,0.5604698672114402,0.5559748427672956,0.5,0.5
3119,GO_MACROMOLECULE_CATABOLIC_PROCESS,0.697344228804903,0.5616352201257861,0.47231869254341163,0.5534591194968553
3120,GO_INTERACTION_WITH_SYMBIONT,0.6033707865168539,0.5622641509433962,0.4707865168539325,0.5792452830188679
3121,GO_REGULATION_OF_POLYSACCHARIDE_METABOLIC_PROCESS,0.578855975485189,0.5238993710691824,0.4850868232890705,0.5666666666666667
3122,GO_SMOOTHENED_SIGNALING_PATHWAY,0.6321756894790602,0.5383647798742138,0.46976506639427984,0.5050314465408805
3123,GO_CELL_MIGRATION_IN_HINDBRAIN,0.5492339121552605,0.60062893081761,0.48314606741573035,0.49056603773584906
3124,GO_EYE_DEVELOPMENT,0.7240040858018386,0.630817610062893,0.4221654749744637,0.5930817610062893
3125,GO_TRIPARTITE_REGIONAL_SUBDIVISION,0.5320735444330951,0.5333333333333333,0.5,0.5
3126,GO_ORGANIC_CATION_TRANSPORT,0.5530132788559755,0.5572327044025157,0.4943820224719101,0.5333333333333333
3127,GO_SLEEP,0.5863125638406538,0.6050314465408805,0.47538304392236974,0.5144654088050314
3128,GO_DEVELOPMENTAL_PROCESS_INVOLVED_IN_REPRODUCTION,0.6955056179775281,0.5352201257861635,0.4740551583248212,0.5874213836477987
3129,GO_URATE_METABOLIC_PROCESS,0.5348314606741573,0.5477987421383648,0.5,0.5
3130,GO_PROTEIN_DEPHOSPHORYLATION,0.6703779366700716,0.5232704402515723,0.43411644535240046,0.6176100628930817
3131,GO_REGULATION_OF_CELLULAR_PROTEIN_CATABOLIC_PROCESS,0.676200204290092,0.5836477987421383,0.4613891726251277,0.539622641509434
3132,GO_REGULATION_OF_PROTEIN_AUTOPHOSPHORYLATION,0.6030643513789581,0.5050314465408805,0.4866189989785495,0.5333333333333333
3133,GO_REGULATION_OF_NEURON_DEATH,0.6633299284984678,0.6396226415094339,0.4517875383043922,0.580503144654088
3134,GO_TETRAHYDROFOLATE_INTERCONVERSION,0.5264555669050051,0.49056603773584906,0.5,0.5
3135,GO_RESPONSE_TO_GAMMA_RADIATION,0.5698672114402451,0.6295597484276729,0.48314606741573035,0.5333333333333333
3136,GO_REGULATION_OF_CYCLIN_DEPENDENT_PROTEIN_KINASE_ACTIVITY,0.6240040858018385,0.5276729559748428,0.4944841675178754,0.5735849056603773
3137,GO_REGULATION_OF_CELL_DEATH,0.7044943820224718,0.5691823899371069,0.5214504596527069,0.5660377358490567
3138,GO_REGULATION_OF_RHODOPSIN_MEDIATED_SIGNALING_PATHWAY,0.5645556690500511,0.540251572327044,0.47609805924412674,0.5477987421383648
3139,GO_NEGATIVE_REGULATION_OF_STRESS_FIBER_ASSEMBLY,0.5519918283963228,0.5572327044025157,0.49009193054136874,0.46226415094339623
3140,GO_NEGATIVE_REGULATION_OF_NF_KAPPAB_IMPORT_INTO_NUCLEUS,0.5379979570990807,0.46226415094339623,0.5,0.5
3141,GO_POSITIVE_REGULATION_OF_PROTEIN_IMPORT,0.6778345250255362,0.6245283018867924,0.4853932584269663,0.5477987421383648
3142,GO_MULTI_ORGANISM_METABOLIC_PROCESS,0.599591419816139,0.4666666666666667,0.4810010214504596,0.4811320754716981
3143,GO_REGULATION_OF_KERATINOCYTE_DIFFERENTIATION,0.5954034729315628,0.5591194968553459,0.4983656792645556,0.4861635220125786
3144,GO_MONOVALENT_INORGANIC_CATION_HOMEOSTASIS,0.6799795709908069,0.550314465408805,0.46281920326864145,0.6069182389937107
3145,GO_REGULATION_OF_BMP_SIGNALING_PATHWAY,0.6481103166496425,0.5893081761006289,0.4591419816138918,0.5276729559748428
3146,GO_HEART_PROCESS,0.6301327885597549,0.618867924528302,0.477017364657814,0.519496855345912
3147,GO_MUSCLE_SYSTEM_PROCESS,0.6783452502553626,0.5465408805031446,0.45781409601634326,0.6723270440251572
3148,GO_MESENCHYME_DEVELOPMENT,0.703779366700715,0.5459119496855346,0.4636363636363636,0.5471698113207547
3149,GO_TRANSCRIPTION_FROM_RNA_POLYMERASE_III_PROMOTER,0.5653728294177732,0.4716981132075472,0.4922369765066394,0.49056603773584906
3150,GO_GLIAL_CELL_FATE_COMMITMENT,0.5537282941777323,0.5238993710691824,0.5,0.5
3151,GO_POSITIVE_REGULATION_OF_PROTEOLYSIS,0.6890704800817159,0.5333333333333333,0.44800817160367723,0.6371069182389938
3152,GO_REGULATION_OF_CILIUM_ASSEMBLY,0.580388151174668,0.6238993710691824,0.44279877425944836,0.49559748427672956
3153,GO_ACTIVATION_OF_PROTEIN_KINASE_B_ACTIVITY,0.5489274770173647,0.5238993710691824,0.4866189989785495,0.5333333333333333
3154,GO_REGULATION_OF_TRANSLATIONAL_INITIATION_IN_RESPONSE_TO_STRESS,0.5264555669050051,0.5245283018867924,0.480796731358529,0.5572327044025157
3155,GO_ANTERIOR_POSTERIOR_AXIS_SPECIFICATION,0.6185903983656793,0.5622641509433962,0.4866189989785495,0.4811320754716981
3156,GO_REGULATION_OF_LONG_TERM_SYNAPTIC_POTENTIATION,0.6035750766087844,0.5383647798742138,0.4844739530132789,0.49056603773584906
3157,GO_REGULATION_OF_PROTEIN_KINASE_B_SIGNALING,0.6021450459652707,0.5937106918238994,0.4416751787538305,0.6069182389937107
3158,GO_HOMOLOGOUS_CHROMOSOME_SEGREGATION,0.5883554647599591,0.5628930817610063,0.46414708886618994,0.5238993710691824
3159,GO_MUSCLE_CELL_CELLULAR_HOMEOSTASIS,0.5455566905005107,0.5672955974842767,0.4887640449438202,0.5238993710691824
3160,GO_T_CELL_LINEAGE_COMMITMENT,0.6073544433094994,0.49748427672955975,0.5,0.5
3161,GO_NUCLEOSIDE_BISPHOSPHATE_BIOSYNTHETIC_PROCESS,0.5390194075587335,0.5314465408805031,0.4844739530132789,0.5238993710691824
3162,GO_RESPONSE_TO_LITHIUM_ION,0.6277834525025536,0.5811320754716981,0.48590398365679266,0.5477987421383648
3163,GO_PROTEIN_FOLDING_IN_ENDOPLASMIC_RETICULUM,0.537691521961185,0.49056603773584906,0.49785495403472924,0.5333333333333333
3164,GO_REGULATION_OF_FATTY_ACID_OXIDATION,0.606435137895812,0.5880503144654088,0.4948927477017364,0.5314465408805031
3165,GO_MORPHOGENESIS_OF_A_POLARIZED_EPITHELIUM,0.6154239019407559,0.5553459119496855,0.5,0.5
3166,GO_REGULATION_OF_DNA_TEMPLATED_TRANSCRIPTION_IN_RESPONSE_TO_STRESS,0.6250255362614913,0.45723270440251573,0.4922369765066394,0.5333333333333333
3167,GO_ENDODERM_FORMATION,0.6330949948927477,0.5433962264150943,0.49846782431052095,0.5559748427672956
3168,GO_POSITIVE_REGULATION_OF_SPROUTING_ANGIOGENESIS,0.5462717058222676,0.5088050314465409,0.4822267620020429,0.5157232704402516
3169,GO_REGULATION_OF_DEVELOPMENT_HETEROCHRONIC,0.5433094994892748,0.5238993710691824,0.4943820224719101,0.5333333333333333
3170,GO_ESTABLISHMENT_OF_ENDOTHELIAL_BARRIER,0.5711950970377937,0.5477987421383648,0.4533197139938712,0.48050314465408805
3171,GO_REGULATION_OF_HUMORAL_IMMUNE_RESPONSE,0.6286006128702759,0.5729559748427673,0.45076608784473954,0.6012578616352201
3172,GO_REGULATION_OF_MAP_KINASE_ACTIVITY,0.6779366700715016,0.6050314465408806,0.42819203268641476,0.5792452830188679
3173,GO_NEGATIVE_REGULATION_OF_INTERLEUKIN_1_BETA_PRODUCTION,0.5251276813074566,0.4811320754716981,0.49785495403472924,0.49056603773584906
3174,GO_FEMALE_MEIOTIC_DIVISION,0.5637385086823289,0.5050314465408805,0.46414708886618994,0.5238993710691824
3175,GO_REGULATION_OF_GLUTAMATE_SECRETION,0.5724208375893769,0.5050314465408805,0.49570990806945864,0.5333333333333333
3176,GO_NLS_BEARING_PROTEIN_IMPORT_INTO_NUCLEUS,0.5657814096016344,0.539622641509434,0.4823289070480081,0.5572327044025157
3177,GO_VACUOLE_FUSION,0.543003064351379,0.5930817610062893,0.4943820224719101,0.49056603773584906
3178,GO_SEMAPHORIN_PLEXIN_SIGNALING_PATHWAY_INVOLVED_IN_NEURON_PROJECTION_GUIDANCE,0.609805924412666,0.5050314465408805,0.4732379979570991,0.4811320754716981
3179,GO_POSITIVE_REGULATION_OF_BONE_REMODELING,0.5229826353421858,0.4811320754716981,0.49570990806945864,0.5238993710691824
3180,GO_HISTONE_H3_K4_TRIMETHYLATION,0.5348314606741572,0.5144654088050314,0.5,0.5
3181,GO_PRE_MIRNA_PROCESSING,0.5502553626149133,0.4811320754716981,0.48314606741573035,0.49056603773584906
3182,GO_CELLULAR_RESPONSE_TO_ESTROGEN_STIMULUS,0.5953013278855975,0.6169811320754717,0.4866189989785495,0.5238993710691824
3183,GO_LYTIC_VACUOLE_ORGANIZATION,0.610929519918284,0.4666666666666667,0.4801838610827375,0.5144654088050314
3184,GO_REGULATION_OF_CHEMOTAXIS,0.7073544433094994,0.4509433962264151,0.47119509703779366,0.5559748427672956
3185,GO_NEGATIVE_REGULATION_OF_RESPONSE_TO_STIMULUS,0.6926455566905004,0.6176100628930817,0.4898876404494382,0.5572327044025157
3186,GO_MEIOTIC_CELL_CYCLE_PROCESS,0.6402451481103166,0.529559748427673,0.4439223697650664,0.5578616352201258
3187,GO_REGULATION_OF_PLATELET_ACTIVATION,0.6269662921348315,0.5635220125786163,0.4842696629213483,0.5333333333333333
3188,GO_NEGATIVE_REGULATION_OF_ACTIN_FILAMENT_POLYMERIZATION,0.6218590398365679,0.5610062893081761,0.4819203268641471,0.48050314465408805
3189,GO_DEVELOPMENTAL_CELL_GROWTH,0.6582226762002044,0.5308176100628931,0.4512768130745659,0.5547169811320755
3190,GO_REGULATION_OF_BONE_RESORPTION,0.5609805924412666,0.5433962264150943,0.478855975485189,0.6
3191,GO_SPINDLE_ASSEMBLY,0.6273748723186926,0.5911949685534591,0.44831460674157303,0.5716981132075472
3192,GO_REGULATION_OF_SODIUM_ION_TRANSMEMBRANE_TRANSPORTER_ACTIVITY,0.6066394279877426,0.49433962264150944,0.4823289070480081,0.5238993710691824
3193,GO_NEGATIVE_REGULATION_OF_ANTIGEN_RECEPTOR_MEDIATED_SIGNALING_PATHWAY,0.5554647599591419,0.5735849056603773,0.4866189989785495,0.46226415094339623
3194,GO_CONVERGENT_EXTENSION,0.5251276813074566,0.49056603773584906,0.4718079673135852,0.5477987421383648
3195,GO_SPHINGOLIPID_BIOSYNTHETIC_PROCESS,0.6293156281920327,0.5333333333333333,0.4752808988764045,0.4716981132075472
3196,GO_REGULATION_OF_PHOSPHOPROTEIN_PHOSPHATASE_ACTIVITY,0.6738508682328908,0.6150943396226415,0.4752808988764045,0.640251572327044
3197,GO_REGULATION_OF_MULTI_ORGANISM_PROCESS,0.7100102145045964,0.5226415094339623,0.4545454545454546,0.4849056603773585
3198,GO_REGULATION_OF_TRANSLATIONAL_FIDELITY,0.534729315628192,0.5144654088050314,0.48314606741573035,0.5333333333333333
3199,GO_POSITIVE_REGULATION_OF_CELL_CYCLE_ARREST,0.6085801838610827,0.539622641509434,0.4751787538304392,0.5433962264150943
3200,GO_CONNECTIVE_TISSUE_DEVELOPMENT,0.7139938712972421,0.6138364779874215,0.44545454545454544,0.6144654088050314
3201,GO_CYTOPLASMIC_PATTERN_RECOGNITION_RECEPTOR_SIGNALING_PATHWAY,0.587538304392237,0.5477987421383648,0.5,0.5
3202,GO_PROTEIN_LOCALIZATION,0.6346271705822267,0.588679245283019,0.4611848825331971,0.5691823899371069
3203,GO_REGULATION_OF_STEROID_BIOSYNTHETIC_PROCESS,0.6050051072522983,0.529559748427673,0.46588355464759956,0.5383647798742138
3204,GO_NUCLEAR_ENVELOPE_ORGANIZATION,0.6323799795709909,0.5610062893081761,0.4793667007150153,0.5955974842767295
3205,GO_ASYMMETRIC_PROTEIN_LOCALIZATION,0.5606741573033707,0.6339622641509434,0.4793667007150153,0.4389937106918239
3206,GO_REGULATION_OF_GLIAL_CELL_DIFFERENTIATION,0.6138917262512767,0.5610062893081761,0.44535240040858015,0.4628930817610063
3207,GO_BIOMINERAL_TISSUE_DEVELOPMENT,0.6512768130745659,0.590566037735849,0.4617977528089887,0.4666666666666667
3208,GO_CELLULAR_RESPONSE_TO_ENDOGENOUS_STIMULUS,0.7185903983656792,0.5836477987421383,0.4468845760980592,0.6119496855345912
3209,GO_SCHWANN_CELL_DEVELOPMENT,0.5721144024514812,0.6144654088050314,0.49938712972420835,0.5735849056603773
3210,GO_POSITIVE_REGULATION_OF_B_CELL_DIFFERENTIATION,0.560367722165475,0.519496855345912,0.4887640449438202,0.5333333333333333
3211,GO_POSITIVE_REGULATION_OF_HISTONE_METHYLATION,0.5556690500510726,0.49559748427672956,0.4887640449438202,0.49056603773584906
3212,GO_NEGATIVE_REGULATION_OF_T_CELL_DIFFERENTIATION,0.5749744637385087,0.49559748427672956,0.48314606741573035,0.4811320754716981
3213,GO_RNA_POLYADENYLATION,0.5556690500510726,0.5490566037735849,0.48314606741573035,0.5144654088050314
3214,GO_NEUROTRANSMITTER_METABOLIC_PROCESS,0.6078651685393258,0.5911949685534591,0.47803881511746676,0.5050314465408805
3215,GO_ORGANELLE_INHERITANCE,0.5181818181818182,0.4811320754716981,0.4922369765066394,0.5238993710691824
3216,GO_AUTONOMIC_NERVOUS_SYSTEM_DEVELOPMENT,0.6208375893769151,0.5886792452830188,0.47752808988764045,0.5666666666666667
3217,GO_ASPARTATE_FAMILY_AMINO_ACID_METABOLIC_PROCESS,0.613585291113381,0.5490566037735849,0.47957099080694593,0.5238993710691824
3218,GO_EXPLORATION_BEHAVIOR,0.5965270684371808,0.5245283018867924,0.5,0.5
3219,GO_POSITIVE_REGULATION_OF_MUSCLE_TISSUE_DEVELOPMENT,0.6563840653728295,0.5893081761006289,0.5034729315628191,0.49056603773584906
3220,GO_MRNA_METABOLIC_PROCESS,0.6403472931562819,0.5345911949685535,0.45689479060265575,0.6452830188679245
3221,GO_RESPONSE_TO_THYROID_HORMONE,0.6236976506639427,0.5823899371069182,0.48314606741573035,0.46226415094339623
3222,GO_PROTEIN_TRANSMEMBRANE_TRANSPORT,0.5286006128702757,0.49056603773584906,0.4786516853932585,0.4811320754716981
3223,GO_INTRINSIC_APOPTOTIC_SIGNALING_PATHWAY_BY_P53_CLASS_MEDIATOR,0.5718079673135853,0.5679245283018868,0.45597548518896835,0.5477987421383648
3224,GO_RESPONSE_TO_RETINOIC_ACID,0.6315628192032686,0.5345911949685535,0.4807967313585291,0.4767295597484277
3225,GO_MAMMARY_GLAND_LOBULE_DEVELOPMENT,0.5725229826353423,0.5226415094339623,0.49785495403472924,0.4716981132075472
3226,GO_PARAXIAL_MESODERM_DEVELOPMENT,0.546067415730337,0.5666666666666667,0.49009193054136874,0.5333333333333333
3227,GO_ODONTOGENESIS_OF_DENTIN_CONTAINING_TOOTH,0.6655771195097038,0.6025157232704402,0.43360572012257403,0.5125786163522013
3228,GO_DIACYLGLYCEROL_METABOLIC_PROCESS,0.5503575076608784,0.5289308176100629,0.4914198161389173,0.5238993710691824
3229,GO_COCHLEA_MORPHOGENESIS,0.589785495403473,0.5735849056603773,0.48314606741573035,0.49056603773584906
3230,GO_NEGATIVE_REGULATION_OF_LIPID_CATABOLIC_PROCESS,0.5557711950970378,0.6050314465408805,0.49581205311542387,0.5811320754716981
3231,GO_REGULATION_OF_TRANSLATIONAL_INITIATION,0.6039836567926454,0.5226415094339623,0.46823289070480084,0.5062893081761006
3232,GO_MOTILE_CILIUM_ASSEMBLY,0.5732379979570991,0.4767295597484277,0.4879468845760981,0.49056603773584906
3233,GO_POSITIVE_REGULATION_OF_FATTY_ACID_OXIDATION,0.558120531154239,0.5333333333333333,0.49785495403472924,0.5050314465408805
3234,GO_NEGATIVE_REGULATION_OF_ALPHA_BETA_T_CELL_ACTIVATION,0.5813074565883555,0.49559748427672956,0.48314606741573035,0.49056603773584906
3235,GO_MYELOID_CELL_ACTIVATION_INVOLVED_IN_IMMUNE_RESPONSE,0.5694586312563841,0.5578616352201258,0.4971399387129724,0.5811320754716981
3236,GO_POSITIVE_REGULATION_OF_SYNAPTIC_TRANSMISSION,0.6808988764044944,0.618867924528302,0.4444330949948927,0.6062893081761006
3237,GO_CELL_RECOGNITION,0.6437180796731359,0.5106918238993711,0.46373850868232885,0.6635220125786163
3238,GO_REGULATION_OF_RETROGRADE_PROTEIN_TRANSPORT_ER_TO_CYTOSOL,0.5320735444330951,0.4811320754716981,0.5,0.5
3239,GO_PROTEIN_K63_LINKED_UBIQUITINATION,0.5537282941777324,0.5037735849056604,0.49570990806945864,0.5333333333333333
3240,GO_NEGATIVE_REGULATION_OF_PHOSPHORYLATION,0.676608784473953,0.5144654088050314,0.46006128702757915,0.5641509433962264
3241,GO_NEGATIVE_REGULATION_OF_NUCLEAR_DIVISION,0.6123595505617978,0.569811320754717,0.4820224719101123,0.5572327044025157
3242,GO_NEGATIVE_REGULATION_OF_ENDOPLASMIC_RETICULUM_STRESS_INDUCED_INTRINSIC_APOPTOTIC_SIGNALING_PATHWAY,0.5517875383043922,0.560377358490566,0.4922369765066394,0.5666666666666667
3243,GO_REGULATION_OF_GENERATION_OF_PRECURSOR_METABOLITES_AND_ENERGY,0.605209397344229,0.5314465408805031,0.4849846782431052,0.519496855345912
3244,GO_MESENCHYMAL_CELL_PROLIFERATION,0.5307456588355465,0.5333333333333333,0.4866189989785495,0.4811320754716981
3245,GO_LIPID_CATABOLIC_PROCESS,0.6817160367722165,0.5446540880503145,0.44473953013278855,0.6
3246,GO_REVERSE_CHOLESTEROL_TRANSPORT,0.5355464759959141,0.5572327044025157,0.4991828396322778,0.5144654088050314
3247,GO_POSITIVE_REGULATION_OF_LIPID_METABOLIC_PROCESS,0.6411644535240041,0.5094339622641509,0.43605720122574054,0.6440251572327045
3248,GO_REGULATION_OF_CHOLESTEROL_STORAGE,0.6084780388151174,0.550314465408805,0.4801838610827375,0.5144654088050314
3249,GO_PROTEIN_LOCALIZATION_TO_SYNAPSE,0.581511746680286,0.5490566037735849,0.5,0.5
3250,GO_PROSTATE_GLAND_GROWTH,0.5659856996935647,0.5572327044025157,0.4914198161389173,0.5572327044025157
3251,GO_NEGATIVE_REGULATION_OF_CARDIAC_MUSCLE_CELL_APOPTOTIC_PROCESS,0.5433094994892748,0.5477987421383648,0.5,0.5
3252,GO_REGULATION_OF_INSULIN_LIKE_GROWTH_FACTOR_RECEPTOR_SIGNALING_PATHWAY,0.5453524004085801,0.6157232704402515,0.47191011235955055,0.49056603773584906
3253,GO_RESPIRATORY_SYSTEM_DEVELOPMENT,0.6855975485188968,0.7044025157232705,0.4673135852911134,0.5062893081761006
3254,GO_ION_HOMEOSTASIS,0.6812053115423902,0.5477987421383648,0.44790602655771194,0.5666666666666668
3255,GO_EPITHELIAL_TO_MESENCHYMAL_TRANSITION_INVOLVED_IN_ENDOCARDIAL_CUSHION_FORMATION,0.5272727272727272,0.5333333333333333,0.49785495403472924,0.5333333333333333
3256,GO_NEGATIVE_REGULATION_OF_STAT_CASCADE,0.5574055158324822,0.49559748427672956,0.4457609805924413,0.5138364779874214
3257,GO_REGULATION_OF_SYNAPTIC_TRANSMISSION_GABAERGIC,0.5988764044943821,0.550314465408805,0.4866189989785495,0.5333333333333333
3258,GO_NUCLEOSIDE_TRIPHOSPHATE_CATABOLIC_PROCESS,0.5320735444330951,0.5666666666666667,0.49356486210418793,0.5666666666666667
3259,GO_NEUROEPITHELIAL_CELL_DIFFERENTIATION,0.5937691521961185,0.5339622641509434,0.46527068437180796,0.6157232704402515
3260,GO_NUCLEOSIDE_MONOPHOSPHATE_METABOLIC_PROCESS,0.6368743615934627,0.46037735849056605,0.47425944841675177,0.6062893081761006
3261,GO_REGULATION_OF_GLUCOSE_TRANSPORT,0.6561797752808989,0.5591194968553459,0.4713993871297243,0.6056603773584905
3262,GO_MATURE_B_CELL_DIFFERENTIATION_INVOLVED_IN_IMMUNE_RESPONSE,0.5740551583248212,0.5477987421383648,0.5,0.5
3263,GO_CATECHOLAMINE_TRANSPORT,0.5717058222676199,0.5144654088050314,0.5,0.5
3264,GO_NEGATIVE_REGULATION_OF_MYELOID_CELL_APOPTOTIC_PROCESS,0.5379979570990807,0.4716981132075472,0.4991828396322778,0.5666666666666667
3265,GO_NEGATIVE_REGULATION_OF_TRANSFORMING_GROWTH_FACTOR_BETA_RECEPTOR_SIGNALING_PATHWAY,0.6493360572012257,0.539622641509434,0.5034729315628191,0.5333333333333333
3266,GO_ADHERENS_JUNCTION_ORGANIZATION,0.6660878447395301,0.550314465408805,0.4578140960163432,0.5050314465408805
3267,GO_EPITHELIAL_CELL_MORPHOGENESIS,0.6531154239019408,0.6540880503144654,0.47415730337078654,0.5911949685534591
3268,GO_POSITIVE_REGULATION_OF_OSTEOBLAST_DIFFERENTIATION,0.6553626149131767,0.5119496855345912,0.49009193054136874,0.5572327044025157
3269,GO_OSTEOBLAST_DEVELOPMENT,0.6022471910112359,0.6157232704402515,0.4844739530132789,0.5666666666666667
3270,GO_MYD88_INDEPENDENT_TOLL_LIKE_RECEPTOR_SIGNALING_PATHWAY,0.5661899897854955,0.6547169811320754,0.478855975485189,0.5572327044025157
3271,GO_NEGATIVE_REGULATION_OF_SIGNAL_TRANSDUCTION_BY_P53_CLASS_MEDIATOR,0.5763023493360572,0.5383647798742138,0.4844739530132789,0.5238993710691824
3272,GO_POSITIVE_REGULATION_OF_DNA_RECOMBINATION,0.5320735444330951,0.5144654088050314,0.49009193054136874,0.4811320754716981
3273,GO_REGULATION_OF_PEPTIDYL_SERINE_PHOSPHORYLATION_OF_STAT_PROTEIN,0.539632277834525,0.5289308176100629,0.4922369765066394,0.5333333333333333
3274,GO_HISTONE_H4_K16_ACETYLATION,0.5459652706843718,0.5276729559748428,0.48314606741573035,0.49056603773584906
3275,GO_POSITIVE_REGULATION_OF_NATURAL_KILLER_CELL_ACTIVATION,0.5638406537282942,0.5383647798742138,0.4943820224719101,0.49056603773584906
3276,GO_POSITIVE_REGULATION_OF_MESENCHYMAL_CELL_PROLIFERATION,0.5643513789581205,0.5477987421383648,0.4823289070480081,0.4811320754716981
3277,GO_CHRONIC_INFLAMMATORY_RESPONSE,0.5682328907048009,0.49559748427672956,0.5,0.5
3278,GO_POSITIVE_REGULATION_OF_LIPASE_ACTIVITY,0.6636363636363636,0.5138364779874214,0.46557711950970376,0.5622641509433962
3279,GO_POSITIVE_REGULATION_OF_ERK1_AND_ERK2_CASCADE,0.6862104187946885,0.4591194968553459,0.449438202247191,0.6050314465408805
3280,GO_MEMBRANE_ORGANIZATION,0.7027579162410624,0.6641509433962264,0.46404494382022476,0.5245283018867924
3281,GO_CAMP_METABOLIC_PROCESS,0.5851889683350358,0.5540880503144654,0.470582226762002,0.6025157232704402
3282,GO_MITOCHONDRIAL_ATP_SYNTHESIS_COUPLED_PROTON_TRANSPORT,0.5125638406537283,0.5333333333333333,0.5,0.5
3283,GO_CELLULAR_RESPONSE_TO_OXYGEN_RADICAL,0.5779366700715015,0.5383647798742138,0.4943820224719101,0.49056603773584906
3284,GO_REGULATION_OF_CILIUM_MOVEMENT,0.5945863125638408,0.5006289308176101,0.4880490296220633,0.5477987421383648
3285,GO_PURINE_NUCLEOSIDE_MONOPHOSPHATE_BIOSYNTHETIC_PROCESS,0.5798774259448416,0.44339622641509435,0.5,0.5
3286,GO_POSITIVE_REGULATION_OF_PEPTIDE_SECRETION,0.6356486210418795,0.5031446540880503,0.4842696629213483,0.590566037735849
3287,GO_RESPONSE_TO_DEXAMETHASONE,0.568641470888662,0.5779874213836478,0.4887640449438202,0.49056603773584906
3288,GO_STEROL_TRANSPORT,0.6694586312563842,0.549685534591195,0.49570990806945864,0.5144654088050314
3289,GO_ORGANONITROGEN_COMPOUND_BIOSYNTHETIC_PROCESS,0.7343207354443309,0.560377358490566,0.4308478038815118,0.5628930817610064
3290,GO_SOMATIC_DIVERSIFICATION_OF_IMMUNE_RECEPTORS_VIA_SOMATIC_MUTATION,0.5342185903983656,0.5572327044025157,0.46414708886618994,0.5238993710691824
3291,GO_REGULATION_OF_CHROMOSOME_ORGANIZATION,0.7074565883554648,0.5559748427672956,0.4721144024514812,0.4861635220125786
3292,GO_EMBRYONIC_EYE_MORPHOGENESIS,0.6052093973442287,0.5289308176100629,0.4879468845760981,0.5811320754716981
3293,GO_BLASTOCYST_GROWTH,0.5320735444330951,0.5238993710691824,0.49785495403472924,0.5333333333333333
3294,GO_ESTROGEN_BIOSYNTHETIC_PROCESS,0.5034729315628191,0.49056603773584906,0.48365679264555667,0.5144654088050314
3295,GO_REGULATION_OF_CELL_MATRIX_ADHESION,0.6473953013278856,0.5257861635220126,0.45638406537282944,0.5666666666666667
3296,GO_VISUAL_BEHAVIOR,0.617364657814096,0.5742138364779874,0.4842696629213483,0.5050314465408805
3297,GO_LIPOSACCHARIDE_METABOLIC_PROCESS,0.6811031664964249,0.5886792452830188,0.44147088866189993,0.5226415094339623
3298,GO_REGULATION_OF_CELL_ADHESION,0.7150153217568949,0.5465408805031446,0.44851889683350354,0.5415094339622641
3299,GO_INTRACELLULAR_LIPID_TRANSPORT,0.5659856996935648,0.5779874213836478,0.5,0.5
3300,GO_POSITIVE_REGULATION_OF_INTERFERON_ALPHA_PRODUCTION,0.5465781409601634,0.5559748427672956,0.478855975485189,0.5572327044025157
3301,GO_NEGATIVE_REGULATION_OF_FATTY_ACID_BIOSYNTHETIC_PROCESS,0.5216547497446373,0.5050314465408805,0.4943820224719101,0.5333333333333333
3302,GO_NEGATIVE_REGULATION_OF_TELOMERE_MAINTENANCE,0.5595505617977528,0.590566037735849,0.4887640449438202,0.5666666666666667
3303,GO_POSITIVE_REGULATION_OF_TRANSCRIPTION_FROM_RNA_POLYMERASE_II_PROMOTER,0.7192032686414709,0.7169811320754718,0.5550561797752809,0.5836477987421383
3304,GO_REGULATION_OF_ACTIN_FILAMENT_DEPOLYMERIZATION,0.6094994892747702,0.6113207547169811,0.4874361593462717,0.5213836477987421
3305,GO_ENDOCRINE_SYSTEM_DEVELOPMENT,0.6812053115423901,0.5836477987421383,0.4595505617977527,0.5490566037735849
3306,GO_REGULATION_OF_MYELOID_LEUKOCYTE_DIFFERENTIATION,0.6638406537282941,0.5377358490566038,0.48355464759959144,0.6157232704402515
3307,GO_HYDROGEN_PEROXIDE_METABOLIC_PROCESS,0.5780388151174667,0.510062893081761,0.4844739530132789,0.5477987421383648
3308,GO_RESPONSE_TO_DSRNA,0.560367722165475,0.5389937106918239,0.4442288049029622,0.5647798742138365
3309,GO_REGULATION_OF_INTRINSIC_APOPTOTIC_SIGNALING_PATHWAY_BY_P53_CLASS_MEDIATOR,0.5636363636363636,0.5572327044025157,0.47957099080694593,0.5050314465408805
3310,GO_GLYCEROLIPID_CATABOLIC_PROCESS,0.5870275791624107,0.540251572327044,0.4810010214504596,0.4811320754716981
3311,GO_POSITIVE_REGULATION_OF_ACTIN_FILAMENT_POLYMERIZATION,0.6016343207354443,0.5283018867924528,0.4801838610827375,0.5157232704402516
3312,GO_AMINE_CATABOLIC_PROCESS,0.5420837589376915,0.5050314465408805,0.4887640449438202,0.4716981132075472
3313,GO_REGULATION_OF_STEROID_METABOLIC_PROCESS,0.6516853932584268,0.5735849056603773,0.46547497446373853,0.5716981132075472
3314,GO_MATURE_B_CELL_DIFFERENTIATION,0.6299284984678243,0.5490566037735849,0.5,0.5
3315,GO_NEGATIVE_REGULATION_OF_MUSCLE_TISSUE_DEVELOPMENT,0.5899897854954035,0.5207547169811321,0.4550561797752809,0.4811320754716981
3316,GO_C21_STEROID_HORMONE_BIOSYNTHETIC_PROCESS,0.5415730337078651,0.5314465408805031,0.4922369765066394,0.4811320754716981
3317,GO_EPITHELIAL_CELL_DIFFERENTIATION_INVOLVED_IN_KIDNEY_DEVELOPMENT,0.5996935648621041,0.5767295597484277,0.4820224719101123,0.5333333333333333
3318,GO_STEROL_BIOSYNTHETIC_PROCESS,0.5779366700715015,0.5069182389937107,0.4866189989785495,0.49056603773584906
3319,GO__DE_NOVO_PROTEIN_FOLDING,0.5272727272727272,0.49056603773584906,0.4651685393258427,0.5144654088050314
3320,GO_REGULATION_OF_PHAGOCYTOSIS,0.6359550561797753,0.5723270440251572,0.4661899897854955,0.5427672955974843
3321,GO_DNA_INTEGRITY_CHECKPOINT,0.660367722165475,0.5660377358490566,0.45934627170582226,0.48050314465408805
3322,GO_MEMBRANE_PROTEIN_PROTEOLYSIS,0.5493360572012257,0.5477987421383648,0.5,0.5
3323,GO_POSITIVE_REGULATION_OF_OSTEOBLAST_PROLIFERATION,0.5433094994892748,0.5383647798742138,0.46741573033707867,0.5572327044025157
3324,GO_TRNA_THREONYLCARBAMOYLADENOSINE_METABOLIC_PROCESS,0.5181818181818182,0.49056603773584906,0.5,0.5
3325,GO_TUBE_MORPHOGENESIS,0.7247191011235955,0.5534591194968553,0.4587334014300305,0.5276729559748428
3326,GO_ARP2_3_COMPLEX_MEDIATED_ACTIN_NUCLEATION,0.5299284984678243,0.5289308176100629,0.49785495403472924,0.49056603773584906
3327,GO_REGULATION_OF_HYDROGEN_PEROXIDE_METABOLIC_PROCESS,0.5575076608784474,0.5578616352201258,0.5,0.5
3328,GO_REGULATION_OF_EMBRYONIC_DEVELOPMENT,0.619611848825332,0.5610062893081761,0.4620020429009193,0.5389937106918239
3329,GO_SENSORY_ORGAN_DEVELOPMENT,0.6745658835546475,0.60062893081761,0.4615934627170582,0.5459119496855346
3330,GO_RETINA_VASCULATURE_DEVELOPMENT_IN_CAMERA_TYPE_EYE,0.6564862104187946,0.5188679245283019,0.49785495403472924,0.49056603773584906
3331,GO_POSITIVE_REGULATION_OF_MAP_KINASE_ACTIVITY,0.6878447395301328,0.5069182389937107,0.44004085801838616,0.539622641509434
3332,GO_BONE_MORPHOGENESIS,0.6449438202247191,0.5308176100628931,0.5013278855975485,0.5930817610062893
3333,GO_CELL_PROJECTION_ORGANIZATION,0.6587334014300308,0.5742138364779874,0.47967313585291116,0.540251572327044
3334,GO_REGULATION_OF_MEMBRANE_INVAGINATION,0.5762002042900918,0.5050314465408805,0.49356486210418793,0.5289308176100629
3335,GO_ISOPRENOID_BIOSYNTHETIC_PROCESS,0.537691521961185,0.5050314465408805,0.5,0.5
3336,GO_NEGATIVE_REGULATION_OF_PROTEIN_METABOLIC_PROCESS,0.6537282941777325,0.5930817610062893,0.46353421859039834,0.6710691823899371
3337,GO_NEGATIVE_REGULATION_OF_NUCLEOTIDE_CATABOLIC_PROCESS,0.5704800817160368,0.590566037735849,0.5,0.5
3338,GO_RETROGRADE_TRANSPORT_ENDOSOME_TO_GOLGI,0.5935648621041879,0.48867924528301887,0.4866189989785495,0.4811320754716981
3339,GO_MITOCHONDRIAL_GENOME_MAINTENANCE,0.537691521961185,0.4761006289308176,0.5,0.5
3340,GO_COENZYME_CATABOLIC_PROCESS,0.5438202247191011,0.4716981132075472,0.4922369765066394,0.5666666666666667
3341,GO_POSITIVE_REGULATION_OF_MYELOID_LEUKOCYTE_CYTOKINE_PRODUCTION_INVOLVED_IN_IMMUNE_RESPONSE,0.5360572012257406,0.6490566037735849,0.5,0.5
3342,GO_NEGATIVE_REGULATION_OF_NEURAL_PRECURSOR_CELL_PROLIFERATION,0.5435137895812053,0.5238993710691824,0.5,0.5
3343,GO_GLUCAN_BIOSYNTHETIC_PROCESS,0.5621041879468845,0.6144654088050314,0.49785495403472924,0.5333333333333333
3344,GO_LINOLEIC_ACID_METABOLIC_PROCESS,0.5724208375893769,0.5477987421383648,0.5,0.5
3345,GO_NEGATIVE_REGULATION_OF_COFACTOR_METABOLIC_PROCESS,0.5662921348314607,0.6,0.5,0.5
3346,GO_MRNA_CIS_SPLICING_VIA_SPLICEOSOME,0.554749744637385,0.5006289308176101,0.5,0.5
3347,GO_VIRAL_LATENCY,0.5522982635342186,0.510062893081761,0.5,0.5
3348,GO_CYTOPLASMIC_SEQUESTERING_OF_PROTEIN,0.5534218590398366,0.5528301886792453,0.478855975485189,0.5572327044025157
3349,GO_REGULATION_OF_SPINDLE_ASSEMBLY,0.5524004085801838,0.5333333333333333,0.5,0.5
3350,GO_NEGATIVE_REGULATION_OF_STEROL_TRANSPORT,0.5449438202247191,0.5666666666666667,0.47957099080694593,0.5477987421383648
3351,GO_REGULATION_OF_INFLAMMATORY_RESPONSE,0.6881511746680287,0.6069182389937107,0.449438202247191,0.560377358490566
3352,GO_OLIGODENDROCYTE_DEVELOPMENT,0.5870275791624106,0.5490566037735849,0.4922369765066394,0.5333333333333333
3353,GO_RESPONSE_TO_INTERFERON_GAMMA,0.6593462717058223,0.5943396226415094,0.4685393258426967,0.5245283018867924
3354,GO_CARDIAC_EPITHELIAL_TO_MESENCHYMAL_TRANSITION,0.5652706843718079,0.5572327044025157,0.47538304392236974,0.4811320754716981
3355,GO_PROTEIN_LOCALIZATION_TO_MITOCHONDRION,0.572114402451481,0.60062893081761,0.4887640449438202,0.49056603773584906
3356,GO_NEGATIVE_REGULATION_OF_MULTICELLULAR_ORGANISMAL_METABOLIC_PROCESS,0.5251276813074566,0.5572327044025157,0.4887640449438202,0.5238993710691824
3357,GO_NEGATIVE_REGULATION_OF_ENDOTHELIAL_CELL_PROLIFERATION,0.579673135852911,0.5220125786163522,0.4858018386108274,0.5144654088050314
3358,GO_POSITIVE_REGULATION_OF_BLOOD_CIRCULATION,0.6217568947906027,0.5515723270440251,0.46588355464759956,0.539622641509434
3359,GO_MICROTUBULE_BASED_MOVEMENT,0.6794688457609805,0.630817610062893,0.4138917262512768,0.4817610062893082
3360,GO_SENSORY_ORGAN_MORPHOGENESIS,0.6872318692543411,0.5226415094339623,0.490194075587334,0.6025157232704402
3361,GO_PROTEIN_DNA_COMPLEX_SUBUNIT_ORGANIZATION,0.6390194075587333,0.5182389937106918,0.4528089887640449,0.5886792452830188
3362,GO_RESPONSE_TO_HYDROPEROXIDE,0.5489274770173647,0.5238993710691824,0.5,0.5
3363,GO_PROTEIN_COMPLEX_SUBUNIT_ORGANIZATION,0.6844739530132788,0.5735849056603773,0.48345250255362615,0.5245283018867924
3364,GO_REGULATION_OF_ACTIN_FILAMENT_BASED_MOVEMENT,0.613993871297242,0.539622641509434,0.4795709908069459,0.5132075471698113
3365,GO_CHROMATIN_SILENCING,0.6020429009193055,0.569811320754717,0.46384065372829414,0.5477987421383648
3366,GO_MAINTENANCE_OF_PROTEIN_LOCATION_IN_NUCLEUS,0.5877425944841677,0.5672955974842767,0.5,0.5
3367,GO_CELLULAR_RESPONSE_TO_ESTRADIOL_STIMULUS,0.5795709908069459,0.6490566037735849,0.48764044943820223,0.5559748427672956
3368,GO_LOCOMOTORY_BEHAVIOR,0.6938712972420839,0.5981132075471699,0.4531154239019409,0.6144654088050314
3369,GO_RESPONSE_TO_EPINEPHRINE,0.5537282941777323,0.6,0.4970377936670072,0.5333333333333333
3370,GO_REGULATION_OF_MACROPHAGE_DIFFERENTIATION,0.5433094994892748,0.49056603773584906,0.4922369765066394,0.5333333333333333
3371,GO_REGULATION_OF_PROTEIN_LOCALIZATION_TO_NUCLEUS,0.6863125638406539,0.5792452830188679,0.4650663942798775,0.5226415094339623
3372,GO_NUCLEUS_ORGANIZATION,0.6484167517875382,0.5610062893081761,0.4698672114402451,0.6138364779874214
3373,GO_TRABECULA_FORMATION,0.5379979570990807,0.4949685534591195,0.48498467824310526,0.5238993710691824
3374,GO_SUBSTRATE_DEPENDENT_CELL_MIGRATION,0.5837589376915219,0.530188679245283,0.5,0.5
3375,GO_SYNAPTIC_TRANSMISSION_GLUTAMATERGIC,0.5754851889683351,0.540251572327044,0.5,0.5
3376,GO_REGULATION_OF_SEQUENCE_SPECIFIC_DNA_BINDING_TRANSCRIPTION_FACTOR_ACTIVITY,0.7102145045965271,0.5849056603773585,0.4899897854954034,0.610691823899371
3377,GO_RETINA_HOMEOSTASIS,0.6352400408580183,0.6138364779874215,0.48764044943820223,0.5245283018867924
3378,GO_POSITIVE_REGULATION_OF_HUMORAL_IMMUNE_RESPONSE,0.5433094994892748,0.49056603773584906,0.4922369765066394,0.5238993710691824
3379,GO_MITOCHONDRION_MORPHOGENESIS,0.5286006128702757,0.4949685534591195,0.49785495403472924,0.49056603773584906
3380,GO_COPPER_ION_HOMEOSTASIS,0.5550561797752809,0.5572327044025157,0.47752808988764045,0.5238993710691824
3381,GO_STEM_CELL_DIFFERENTIATION,0.7146067415730337,0.5088050314465409,0.44923391215526054,0.529559748427673
3382,GO_DOPAMINERGIC_NEURON_DIFFERENTIATION,0.6005107252298264,0.5716981132075472,0.49356486210418793,0.5044025157232704
3383,GO_MAGNESIUM_ION_TRANSMEMBRANE_TRANSPORT,0.5524004085801838,0.5144654088050314,0.4943820224719101,0.5333333333333333
3384,GO_ENDOPLASMIC_RETICULUM_ORGANIZATION,0.5887640449438202,0.5477987421383648,0.4756894790602656,0.5238993710691824
3385,GO_REGULATION_OF_CHOLESTEROL_METABOLIC_PROCESS,0.6101123595505618,0.5150943396226415,0.5,0.5
3386,GO_SCHWANN_CELL_DIFFERENTIATION,0.5656792645556691,0.5981132075471698,0.4922369765066394,0.5333333333333333
3387,GO_DIVALENT_INORGANIC_ANION_HOMEOSTASIS,0.5392236976506639,0.5245283018867924,0.4991828396322778,0.5333333333333333
3388,GO_PROTEIN_COMPLEX_LOCALIZATION,0.5978549540347294,0.4628930817610063,0.48028600612870276,0.5144654088050314
3389,GO_NEGATIVE_REGULATION_OF_GTPASE_ACTIVITY,0.5676200204290093,0.7081761006289308,0.46915219611848824,0.5289308176100629
3390,GO_PROTEIN_HOMOTRIMERIZATION,0.5473953013278856,0.48930817610062893,0.4879468845760981,0.5238993710691824
3391,GO_RESPONSE_TO_MINERALOCORTICOID,0.592849846782431,0.5622641509433962,0.4887640449438202,0.5238993710691824
3392,GO_POSITIVE_REGULATION_OF_INTRINSIC_APOPTOTIC_SIGNALING_PATHWAY,0.5775280898876405,0.5528301886792453,0.47538304392236974,0.49559748427672956
3393,GO_REGULATION_OF_TYROSINE_PHOSPHORYLATION_OF_STAT5_PROTEIN,0.5533197139938713,0.5157232704402516,0.49785495403472924,0.49056603773584906
3394,GO_NEGATIVE_REGULATION_OF_LEUKOCYTE_CHEMOTAXIS,0.5591419816138917,0.6314465408805031,0.4914198161389173,0.5572327044025157
3395,GO_NEGATIVE_REGULATION_OF_MULTI_ORGANISM_PROCESS,0.6469867211440246,0.5389937106918239,0.3977528089887641,0.5930817610062893
3396,GO_COENZYME_A_BIOSYNTHETIC_PROCESS,0.5575076608784474,0.5672955974842767,0.4922369765066394,0.5666666666666667
3397,GO_NEGATIVE_REGULATION_OF_DIGESTIVE_SYSTEM_PROCESS,0.5574055158324821,0.5540880503144654,0.4866189989785495,0.5333333333333333
3398,GO_NUCLEOSIDE_TRANSPORT,0.5195097037793667,0.5333333333333333,0.5,0.5
3399,GO_NEURON_DIFFERENTIATION,0.709090909090909,0.48238993710691824,0.48222676200204284,0.5943396226415094
3400,GO_FLAVONOID_METABOLIC_PROCESS,0.64341164453524,0.579874213836478,0.5,0.5
3401,GO_PROTEASOMAL_PROTEIN_CATABOLIC_PROCESS,0.6978549540347294,0.5691823899371069,0.48038815117466804,0.5855345911949685
3402,GO_UDP_N_ACETYLGLUCOSAMINE_METABOLIC_PROCESS,0.541164453524004,0.49056603773584906,0.47752808988764045,0.5333333333333333
3403,GO_FERTILIZATION,0.6529111338100102,0.5037735849056604,0.45985699693564863,0.539622641509434
3404,GO_POSITIVE_REGULATION_OF_INTERLEUKIN_2_PRODUCTION,0.5798774259448417,0.5572327044025157,0.4897854954034729,0.5138364779874214
3405,GO_GOLGI_LOCALIZATION,0.5335035750766087,0.5591194968553459,0.4887640449438202,0.5238993710691824
3406,GO_G2_DNA_DAMAGE_CHECKPOINT,0.5751787538304391,0.5477987421383648,0.49785495403472924,0.4811320754716981
3407,GO_ACTIVATION_OF_INNATE_IMMUNE_RESPONSE,0.6782431052093972,0.49937106918238994,0.4680286006128703,0.650314465408805
3408,GO_REGULATION_OF_CELL_PROJECTION_ASSEMBLY,0.6560776302349337,0.4830188679245283,0.4853932584269663,0.5289308176100629
3409,GO_REGULATION_OF_HEART_GROWTH,0.6319713993871298,0.5817610062893082,0.4886618998978549,0.5119496855345912
3410,GO_IONOTROPIC_GLUTAMATE_RECEPTOR_SIGNALING_PATHWAY,0.6582226762002044,0.5880503144654088,0.5,0.5
3411,GO_NEURON_FATE_COMMITMENT,0.6583248212461695,0.6289308176100629,0.4745658835546476,0.5490566037735849
3412,GO_REGULATION_OF_CELLULAR_RESPIRATION,0.604187946884576,0.5622641509433962,0.49356486210418793,0.5238993710691824
3413,GO_REGULATION_OF_TELOMERE_CAPPING,0.5776302349336058,0.510062893081761,0.4943820224719101,0.49056603773584906
3414,GO_TROPHECTODERMAL_CELL_DIFFERENTIATION,0.5674157303370787,0.5245283018867924,0.5,0.5
3415,GO_SPERMATID_DIFFERENTIATION,0.6799795709908069,0.5364779874213836,0.5052093973442289,0.6188679245283019
3416,GO_GOLGI_VESICLE_TRANSPORT,0.6688457609805925,0.5773584905660377,0.4424923391215526,0.4811320754716981
3417,GO_RESPONSE_TO_X_RAY,0.5475995914198162,0.5578616352201258,0.4870275791624106,0.5245283018867924
3418,GO_NUCLEOPHAGY,0.5483146067415731,0.5144654088050314,0.49785495403472924,0.49056603773584906
3419,GO_APOPTOTIC_PROCESS_INVOLVED_IN_MORPHOGENESIS,0.5204290091930541,0.5811320754716981,0.48314606741573035,0.49056603773584906
3420,GO_GLIAL_CELL_DIFFERENTIATION,0.672420837589377,0.6238993710691824,0.47425944841675177,0.5358490566037736
3421,GO_PHOSPHATIDYLSERINE_METABOLIC_PROCESS,0.5715015321756894,0.5138364779874214,0.4823289070480081,0.4981132075471698
3422,GO_NEURAL_TUBE_FORMATION,0.6458631256384066,0.6257861635220127,0.4662921348314607,0.4716981132075472
3423,GO_REGULATION_OF_CELL_CYCLE_PHASE_TRANSITION,0.7097037793667007,0.5276729559748428,0.4401430030643514,0.5647798742138365
3424,GO_PROTEIN_K63_LINKED_DEUBIQUITINATION,0.5307456588355465,0.5238993710691824,0.49785495403472924,0.4716981132075472
3425,GO_ATP_HYDROLYSIS_COUPLED_TRANSMEMBRANE_TRANSPORT,0.6080694586312565,0.539622641509434,0.5,0.5
3426,GO_SEMAPHORIN_PLEXIN_SIGNALING_PATHWAY,0.6346271705822267,0.5314465408805031,0.47088866189989786,0.4962264150943396
3427,GO_REGULATION_OF_REACTIVE_OXYGEN_SPECIES_BIOSYNTHETIC_PROCESS,0.6388151174668029,0.5660377358490566,0.4887640449438202,0.5333333333333333
3428,GO_REGULATION_OF_NEUROTRANSMITTER_RECEPTOR_ACTIVITY,0.6157303370786518,0.5735849056603773,0.49785495403472924,0.5238993710691824
3429,GO_POSITIVE_REGULATION_OF_FATTY_ACID_METABOLIC_PROCESS,0.5906026557711951,0.6,0.49785495403472924,0.5050314465408805
3430,GO_CEREBELLAR_CORTEX_FORMATION,0.6121552604698672,0.5616352201257861,0.48314606741573035,0.5238993710691824
3431,GO_REGULATION_OF_PEPTIDE_SECRETION,0.6785495403472932,0.6534591194968554,0.4580183861082738,0.5383647798742138
3432,GO_PYRIMIDINE_NUCLEOSIDE_CATABOLIC_PROCESS,0.6100102145045965,0.5471698113207547,0.49570990806945864,0.5245283018867924
3433,GO_NEGATIVE_REGULATION_OF_ORGANIC_ACID_TRANSPORT,0.5732379979570991,0.5490566037735849,0.49570990806945864,0.5333333333333333
3434,GO_KETONE_BODY_METABOLIC_PROCESS,0.5526046986721144,0.5289308176100629,0.48314606741573035,0.5144654088050314
3435,GO_POSITIVE_REGULATION_OF_INTERLEUKIN_13_PRODUCTION,0.5524004085801838,0.5144654088050314,0.4943820224719101,0.49056603773584906
3436,GO_REGULATION_OF_TYROSINE_PHOSPHORYLATION_OF_STAT3_PROTEIN,0.5704800817160368,0.4767295597484277,0.478855975485189,0.5666666666666667
3437,GO_HEART_GROWTH,0.6076608784473951,0.4830188679245283,0.4858018386108274,0.5477987421383648
3438,GO_LYMPHOCYTE_MIGRATION,0.5797752808988763,0.529559748427673,0.4922369765066394,0.5238993710691824
3439,GO_LOW_DENSITY_LIPOPROTEIN_PARTICLE_REMODELING,0.6050051072522983,0.529559748427673,0.5,0.5
3440,GO_POSITIVE_REGULATION_OF_PROTEIN_SUMOYLATION,0.5195097037793667,0.4811320754716981,0.49570990806945864,0.5050314465408805
3441,GO_ADULT_HEART_DEVELOPMENT,0.5834525025536261,0.4968553459119497,0.49785495403472924,0.49056603773584906
3442,GO_NEGATIVE_REGULATION_OF_PROTEIN_ACETYLATION,0.5160367722165474,0.4716981132075472,0.47538304392236974,0.5333333333333333
3443,GO_POSITIVE_REGULATION_OF_DEVELOPMENTAL_PROCESS,0.710520939734423,0.6496855345911949,0.47160367722165475,0.6226415094339622
3444,GO_RESPONSE_TO_BIOTIC_STIMULUS,0.6962206332992849,0.5044025157232704,0.45066394279877425,0.5748427672955976
3445,GO_OUTFLOW_TRACT_MORPHOGENESIS,0.612870275791624,0.5654088050314465,0.4927477017364658,0.6194968553459119
3446,GO_NUCLEAR_EXPORT,0.6674157303370787,0.4911949685534591,0.4846782431052094,0.5050314465408805
3447,GO_MEMBRANE_INVAGINATION,0.5391215526046986,0.48930817610062893,0.47415730337078654,0.4528301886792453
3448,GO_NEGATIVE_REGULATION_OF_ERAD_PATHWAY,0.5138917262512769,0.5050314465408805,0.5,0.5
3449,GO_AROMATIC_AMINO_ACID_FAMILY_CATABOLIC_PROCESS,0.5970377936670073,0.5540880503144654,0.5,0.5
3450,GO_RESPONSE_TO_TRANSITION_METAL_NANOPARTICLE,0.668335035750766,0.610062893081761,0.44034729315628196,0.5484276729559748
3451,GO_REGULATION_OF_ACTIN_CYTOSKELETON_REORGANIZATION,0.6084780388151173,0.5823899371069182,0.4871297242083759,0.49056603773584906
3452,GO_HYDROGEN_TRANSPORT,0.650561797752809,0.44150943396226416,0.4549540347293156,0.5138364779874214
3453,GO_REGULATION_OF_OXIDATIVE_STRESS_INDUCED_NEURON_DEATH,0.555056179775281,0.5050314465408805,0.49785495403472924,0.4716981132075472
3454,GO_ER_TO_GOLGI_VESICLE_MEDIATED_TRANSPORT,0.6858018386108274,0.7358490566037736,0.4346271705822267,0.560377358490566
3455,GO_RESPONSE_TO_TOXIC_SUBSTANCE,0.6622063329928498,0.5440251572327044,0.4665985699693565,0.4761006289308176
3456,GO_REGULATION_OF_PROTEIN_MODIFICATION_PROCESS,0.6906026557711951,0.6220125786163522,0.4649642492339121,0.6113207547169811
3457,GO_CELLULAR_RESPONSE_TO_INTERLEUKIN_6,0.6192032686414709,0.6069182389937107,0.5,0.5
3458,GO_POSITIVE_REGULATION_OF_TRANSCRIPTION_FROM_RNA_POLYMERASE_I_PROMOTER,0.5616956077630235,0.5238993710691824,0.49601634320735444,0.5572327044025157
3459,GO_CELL_MORPHOGENESIS_INVOLVED_IN_NEURON_DIFFERENTIATION,0.6987742594484168,0.5641509433962264,0.4736465781409601,0.5075471698113208
3460,GO_STRIATUM_DEVELOPMENT,0.5843718079673136,0.5811320754716981,0.4823289070480081,0.4811320754716981
3461,GO_NEUTROPHIL_MEDIATED_IMMUNITY,0.5403472931562819,0.519496855345912,0.4810010214504596,0.5572327044025157
3462,GO_NEGATIVE_REGULATION_OF_CHROMATIN_MODIFICATION,0.5864147088866191,0.6955974842767296,0.4991828396322778,0.5333333333333333
3463,GO_CELLULAR_CHEMICAL_HOMEOSTASIS,0.6710929519918283,0.6377358490566039,0.48243105209397347,0.6037735849056604
3464,GO_CELLULAR_RESPONSE_TO_LEPTIN_STIMULUS,0.509090909090909,0.49056603773584906,0.4921348314606741,0.4811320754716981
3465,GO_EPITHELIAL_CELL_PROLIFERATION,0.6197139938712972,0.4628930817610063,0.4689479060265577,0.5635220125786163
3466,GO_NEGATIVE_REGULATION_OF_PEPTIDYL_SERINE_PHOSPHORYLATION,0.5628192032686415,0.5050314465408805,0.4887640449438202,0.49056603773584906
3467,GO_REGULATION_OF_LIPOPROTEIN_METABOLIC_PROCESS,0.5671092951991829,0.5289308176100629,0.4810010214504596,0.49056603773584906
3468,GO_POSITIVE_REGULATION_OF_NUCLEAR_DIVISION,0.5889683350357507,0.580503144654088,0.47630234933605725,0.5861635220125786
3469,GO_REGULATION_OF_COFACTOR_METABOLIC_PROCESS,0.6070480081716036,0.580503144654088,0.4910112359550562,0.5823899371069182
3470,GO_MYOTUBE_CELL_DEVELOPMENT,0.6059244126659857,0.6,0.4844739530132789,0.49056603773584906
3471,GO_PHOSPHATIDYLGLYCEROL_ACYL_CHAIN_REMODELING,0.550561797752809,0.4811320754716981,0.5,0.5
3472,GO_FIBRINOLYSIS,0.6026557711950971,0.5660377358490566,0.5,0.5
3473,GO_MONOCARBOXYLIC_ACID_CATABOLIC_PROCESS,0.6,0.6138364779874214,0.4210418794688457,0.5981132075471698
3474,GO_THIOESTER_BIOSYNTHETIC_PROCESS,0.5682328907048009,0.6515723270440251,0.48314606741573035,0.5333333333333333
3475,GO_KERATINIZATION,0.6364657814096016,0.5339622641509434,0.4866189989785495,0.4811320754716981
3476,GO_POSITIVE_REGULATION_OF_CELL_DEVELOPMENT,0.6929519918283964,0.7465408805031447,0.4517875383043922,0.620125786163522
3477,GO_MONOSACCHARIDE_METABOLIC_PROCESS,0.7070480081716036,0.649056603773585,0.49152196118488256,0.5622641509433962
3478,GO_REGULATION_OF_CELL_FATE_SPECIFICATION,0.5251276813074566,0.5333333333333333,0.4759959141981614,0.5050314465408805
3479,GO_CELLULAR_CARBOHYDRATE_BIOSYNTHETIC_PROCESS,0.612461695607763,0.6257861635220126,0.4810010214504596,0.49056603773584906
3480,GO_TRANSMEMBRANE_RECEPTOR_PROTEIN_TYROSINE_KINASE_SIGNALING_PATHWAY,0.6664964249233911,0.5635220125786163,0.4114402451481103,0.5622641509433962
3481,GO_REGULATION_OF_INTERLEUKIN_6_BIOSYNTHETIC_PROCESS,0.5165474974463738,0.5276729559748428,0.4943820224719101,0.49056603773584906
3482,GO_NEGATIVE_REGULATION_OF_MUSCLE_HYPERTROPHY,0.5470888661899898,0.5383647798742138,0.48774259448416757,0.5572327044025157
3483,GO_POSITIVE_REGULATION_OF_CATENIN_IMPORT_INTO_NUCLEUS,0.537691521961185,0.4716981132075472,0.5,0.5
3484,GO_RECOMBINATIONAL_REPAIR,0.5989785495403472,0.5371069182389937,0.46220633299284986,0.580503144654088
3485,GO_RECIPROCAL_DNA_RECOMBINATION,0.5899897854954035,0.5830188679245283,0.4707865168539325,0.5144654088050314
3486,GO_POSITIVE_REGULATION_OF_CELL_KILLING,0.578140960163432,0.640251572327044,0.48764044943820223,0.5069182389937107
3487,GO_POSITIVE_REGULATION_OF_NUCLEASE_ACTIVITY,0.5320735444330951,0.5050314465408805,0.4943820224719101,0.49056603773584906
3488,GO_REGULATION_OF_MICROTUBULE_POLYMERIZATION_OR_DEPOLYMERIZATION,0.6316649642492338,0.5635220125786163,0.41368743615934633,0.5132075471698113
3489,GO_NEGATIVE_REGULATION_OF_OSSIFICATION,0.590194075587334,0.5490566037735849,0.459959141981614,0.5157232704402516
3490,GO_REGULATION_OF_SKELETAL_MUSCLE_CONTRACTION,0.5965270684371808,0.46226415094339623,0.5,0.5
3491,GO_CELLULAR_RESPONSE_TO_PEPTIDE,0.7417773237997958,0.5352201257861635,0.45321756894790594,0.5377358490566038
3492,GO_REGULATION_OF_DNA_REPLICATION,0.7034729315628192,0.5685534591194968,0.4542390194075587,0.5628930817610063
3493,GO_C_TERMINAL_PROTEIN_AMINO_ACID_MODIFICATION,0.6255362614913176,0.510062893081761,0.5,0.5
3494,GO_REGULATION_OF_ORGANELLE_ASSEMBLY,0.6624106230847804,0.5433962264150943,0.43840653728294177,0.5553459119496855
3495,GO_NUCLEAR_TRANSCRIBED_MRNA_CATABOLIC_PROCESS_NONSENSE_MEDIATED_DECAY,0.5914198161389173,0.4817610062893082,0.4853932584269663,0.5144654088050314
3496,GO_NEGATIVE_REGULATION_OF_CELL_ADHESION,0.6691521961184882,0.5371069182389937,0.44841675178753837,0.6
3497,GO_NEGATIVE_REGULATION_OF_ALPHA_BETA_T_CELL_DIFFERENTIATION,0.5740551583248212,0.5144654088050314,0.4972420837589377,0.5050314465408805
3498,GO_CELLULAR_TRANSITION_METAL_ION_HOMEOSTASIS,0.6075587334014301,0.5345911949685535,0.4676200204290092,0.5050314465408805
3499,GO_CELL_CELL_RECOGNITION,0.6517875383043922,0.5006289308176101,0.47752808988764045,0.5477987421383648
3500,GO_NEGATIVE_REGULATION_OF_DNA_METABOLIC_PROCESS,0.6096016343207354,0.5987421383647799,0.43575076608784474,0.5679245283018868
3501,GO_SKELETAL_MUSCLE_CELL_DIFFERENTIATION,0.5517875383043923,0.5685534591194968,0.4555669050051072,0.49559748427672956
3502,GO_RNA_3_END_PROCESSING,0.5922369765066394,0.5037735849056604,0.47191011235955055,0.4811320754716981
3503,GO_RESPONSE_TO_ANTIBIOTIC,0.5836567926455567,0.5628930817610063,0.4887640449438202,0.5333333333333333
3504,GO_REGULATION_OF_SYSTEMIC_ARTERIAL_BLOOD_PRESSURE_BY_RENIN_ANGIOTENSIN,0.5706843718079673,0.5081761006289308,0.4866189989785495,0.49056603773584906
3505,GO_POSITIVE_REGULATION_OF_LIPID_BIOSYNTHETIC_PROCESS,0.6204290091930541,0.6849056603773584,0.45403472931562816,0.5289308176100629
3506,GO_CELL_ADHESION_MEDIATED_BY_INTEGRIN,0.552093973442288,0.48553459119496856,0.478855975485189,0.4811320754716981
3507,GO_CELL_FATE_SPECIFICATION,0.6662921348314608,0.6396226415094339,0.4760980592441266,0.5069182389937107
3508,GO_CELLULAR_RESPONSE_TO_GLUCOSE_STARVATION,0.5860061287027579,0.5226415094339623,0.4866189989785495,0.5245283018867924
3509,GO_REGULATION_OF_ENDOPLASMIC_RETICULUM_UNFOLDED_PROTEIN_RESPONSE,0.5433094994892748,0.49056603773584906,0.4866189989785495,0.5333333333333333
3510,GO_WOUND_HEALING_SPREADING_OF_EPIDERMAL_CELLS,0.5443309499489275,0.5622641509433962,0.49785495403472924,0.5333333333333333
3511,GO_POSITIVE_REGULATION_OF_TRANSPORT,0.7085801838610828,0.6528301886792454,0.4706843718079673,0.5955974842767295
3512,GO_MONOCYTE_CHEMOTAXIS,0.5433094994892748,0.5245283018867924,0.4866189989785495,0.5333333333333333
3513,GO_CEREBRAL_CORTEX_CELL_MIGRATION,0.6085801838610827,0.5955974842767295,0.47538304392236974,0.49056603773584906
3514,GO_POSITIVE_REGULATION_OF_WNT_SIGNALING_PATHWAY,0.655056179775281,0.5955974842767295,0.4553626149131767,0.5547169811320755
3515,GO_FOLIC_ACID_CONTAINING_COMPOUND_METABOLIC_PROCESS,0.5545454545454547,0.5811320754716981,0.4943820224719101,0.5238993710691824
3516,GO_MYELOID_CELL_DIFFERENTIATION,0.6314606741573033,0.6012578616352202,0.4420837589376915,0.6672955974842767
3517,GO_REGULATION_OF_CELLULAR_COMPONENT_MOVEMENT,0.6515832482124617,0.5962264150943396,0.4961184882533197,0.5735849056603773
3518,GO_TELENCEPHALON_REGIONALIZATION,0.509090909090909,0.5238993710691824,0.47191011235955055,0.49056603773584906
3519,GO_CELLULAR_RESPONSE_TO_OSMOTIC_STRESS,0.5851889683350358,0.510062893081761,0.49570990806945864,0.5050314465408805
3520,GO_REGULATION_OF_INTERFERON_GAMMA_SECRETION,0.5299284984678243,0.5238993710691824,0.4810010214504596,0.5144654088050314
3521,GO_REGULATION_OF_RESPONSE_TO_INTERFERON_GAMMA,0.5867211440245148,0.5314465408805031,0.5,0.5
3522,GO_REGULATION_OF_DENDRITIC_SPINE_MORPHOGENESIS,0.558120531154239,0.5572327044025157,0.46230847803881514,0.5044025157232704
3523,GO_CELLULAR_COPPER_ION_HOMEOSTASIS,0.5264555669050051,0.5333333333333333,0.49785495403472924,0.4811320754716981
3524,GO_RESPONSE_TO_ACIDIC_PH,0.5623084780388151,0.5893081761006289,0.4879468845760981,0.49056603773584906
3525,GO_REGULATION_OF_RENAL_SYSTEM_PROCESS,0.6448416751787538,0.5735849056603773,0.4922369765066394,0.5490566037735849
3526,GO_NEGATIVE_REGULATION_OF_IMMUNE_SYSTEM_PROCESS,0.686414708886619,0.5773584905660377,0.4464759959141981,0.4490566037735849
3527,GO_PERIPHERAL_NERVOUS_SYSTEM_DEVELOPMENT,0.6071501532175689,0.5540880503144654,0.47538304392236974,0.5144654088050314
3528,GO_CARDIAC_CHAMBER_FORMATION,0.509090909090909,0.5333333333333333,0.4943820224719101,0.49056603773584906
3529,GO_PLACENTA_DEVELOPMENT,0.646067415730337,0.549685534591195,0.4925434116445352,0.5138364779874214
3530,GO_POSITIVE_REGULATION_OF_JUN_KINASE_ACTIVITY,0.6228804902962207,0.5540880503144654,0.4655771195097038,0.5371069182389937
3531,GO_POSITIVE_REGULATION_OF_ALPHA_BETA_T_CELL_DIFFERENTIATION,0.5863125638406537,0.5559748427672956,0.4866189989785495,0.5383647798742138
3532,GO_LENS_MORPHOGENESIS_IN_CAMERA_TYPE_EYE,0.6028600612870275,0.5006289308176101,0.47957099080694593,0.5138364779874214
3533,GO_ERAD_PATHWAY,0.6013278855975485,0.4981132075471698,0.47957099080694593,0.49056603773584906
3534,GO_MYELIN_MAINTENANCE,0.5467824310520939,0.49056603773584906,0.5,0.5
3535,GO_CELL_CELL_JUNCTION_ASSEMBLY,0.6055158324821246,0.5685534591194968,0.48396322778345247,0.5383647798742138
3536,GO_LIPID_STORAGE,0.5718079673135852,0.5490566037735849,0.4810010214504596,0.4811320754716981
3537,GO_MEMBRANE_LIPID_METABOLIC_PROCESS,0.7273748723186926,0.5849056603773585,0.4506639427987742,0.5786163522012578
3538,GO_REGULATION_OF_EXTENT_OF_CELL_GROWTH,0.669458631256384,0.5949685534591195,0.4467824310520939,0.6031446540880503
3539,GO_ACTIN_FILAMENT_ORGANIZATION,0.678855975485189,0.6528301886792454,0.44371807967313587,0.6169811320754717
3540,GO_REGULATION_OF_INTERLEUKIN_8_BIOSYNTHETIC_PROCESS,0.5361593462717059,0.640251572327044,0.4732379979570991,0.6
3541,GO_CELL_VOLUME_HOMEOSTASIS,0.5597548518896833,0.5144654088050314,0.48937691521961185,0.5477987421383648
3542,GO_REGULATION_OF_RELEASE_OF_SEQUESTERED_CALCIUM_ION_INTO_CYTOSOL,0.662614913176711,0.5276729559748428,0.5,0.5
3543,GO_GMP_METABOLIC_PROCESS,0.6160367722165474,0.5188679245283019,0.4810010214504596,0.49056603773584906
3544,GO_RENAL_ABSORPTION,0.5216547497446373,0.5333333333333333,0.49356486210418793,0.5572327044025157
3545,GO_REGULATION_OF_ENDOTHELIAL_CELL_CHEMOTAXIS,0.596220633299285,0.540251572327044,0.4983656792645556,0.4861635220125786
3546,GO_POSITIVE_REGULATION_OF_MITOCHONDRIAL_OUTER_MEMBRANE_PERMEABILIZATION_INVOLVED_IN_APOPTOTIC_SIGNALING_PATHWAY,0.5357507660878448,0.5622641509433962,0.4943820224719101,0.4811320754716981
3547,GO_EPITHELIAL_STRUCTURE_MAINTENANCE,0.583758937691522,0.5289308176100629,0.4970377936670072,0.5333333333333333
3548,GO_PEPTIDYL_LYSINE_TRIMETHYLATION,0.54902962206333,0.4716981132075472,0.5,0.5
3549,GO_PROTEIN_REFOLDING,0.5195097037793667,0.4811320754716981,0.4810010214504596,0.5050314465408805
3550,GO_RRNA_CATABOLIC_PROCESS,0.5403472931562819,0.4811320754716981,0.4879468845760981,0.5572327044025157
3551,GO_NEGATIVE_REGULATION_OF_ENDOTHELIAL_CELL_MIGRATION,0.6024514811031665,0.48930817610062893,0.4866189989785495,0.49056603773584906
3552,GO_REGULATION_OF_LEUKOCYTE_DEGRANULATION,0.5996935648621041,0.4949685534591195,0.4917262512768131,0.4339622641509434
3553,GO_UNSATURATED_FATTY_ACID_METABOLIC_PROCESS,0.6731358529111339,0.6245283018867924,0.48243105209397347,0.5169811320754717
3554,GO_RESPONSE_TO_SALT,0.5802860061287027,0.5238993710691824,0.5,0.5
3555,GO_REGULATION_OF_CYTOPLASMIC_TRANSLATION,0.5398365679264555,0.4811320754716981,0.49785495403472924,0.49056603773584906
3556,GO_RESPONSE_TO_FUNGUS,0.5611848825331971,0.580503144654088,0.49570990806945864,0.4716981132075472
3557,GO_ENDOCHONDRAL_BONE_MORPHOGENESIS,0.6460674157303371,0.6125786163522012,0.47957099080694593,0.5622641509433962
3558,GO_DETECTION_OF_TEMPERATURE_STIMULUS_INVOLVED_IN_SENSORY_PERCEPTION,0.5337078651685393,0.5383647798742138,0.47191011235955055,0.5238993710691824
3559,GO_GENERATION_OF_PRECURSOR_METABOLITES_AND_ENERGY,0.6580183861082738,0.5647798742138365,0.46608784473953013,0.5345911949685535
3560,GO_POSITIVE_REGULATION_OF_ENDOTHELIAL_CELL_APOPTOTIC_PROCESS,0.5692543411644536,0.5477987421383648,0.4887640449438202,0.49056603773584906
3561,GO_SULFUR_AMINO_ACID_METABOLIC_PROCESS,0.6044943820224717,0.4666666666666667,0.4922369765066394,0.49056603773584906
3562,GO_RESPONSE_TO_OXYGEN_RADICAL,0.5691521961184882,0.49748427672955975,0.4943820224719101,0.49056603773584906
3563,GO_ACTIVATION_OF_CYSTEINE_TYPE_ENDOPEPTIDASE_ACTIVITY_INVOLVED_IN_APOPTOTIC_SIGNALING_PATHWAY,0.517364657814096,0.5333333333333333,0.5,0.5
3564,GO_POSITIVE_REGULATION_OF_T_CELL_APOPTOTIC_PROCESS,0.5745658835546475,0.5861635220125786,0.4887640449438202,0.49056603773584906
3565,GO_REGULATION_OF_HORMONE_METABOLIC_PROCESS,0.6071501532175689,0.5660377358490566,0.49009193054136874,0.5050314465408805
3566,GO_PROTEIN_ACYLATION,0.6468845760980593,0.5566037735849056,0.43186925434116447,0.5276729559748428
3567,GO_CRANIOFACIAL_SUTURE_MORPHOGENESIS,0.6008171603677221,0.5930817610062893,0.49785495403472924,0.5333333333333333
3568,GO_REGULATION_OF_LIPID_CATABOLIC_PROCESS,0.6248212461695608,0.48930817610062893,0.4922369765066394,0.5383647798742138
3569,GO_KIDNEY_MORPHOGENESIS,0.661899897854954,0.6622641509433963,0.45791624106230844,0.5157232704402516
3570,GO_LOCALIZATION_WITHIN_MEMBRANE,0.6119509703779367,0.6163522012578617,0.4223697650663943,0.4779874213836478
3571,GO_CYTOKINESIS,0.6339121552604698,0.610691823899371,0.4710929519918284,0.5716981132075472
3572,GO_REGULATION_OF_PROTEIN_EXIT_FROM_ENDOPLASMIC_RETICULUM,0.5568947906026558,0.5006289308176101,0.4801838610827375,0.5333333333333333
3573,GO_HEME_BIOSYNTHETIC_PROCESS,0.5456588355464761,0.5144654088050314,0.49785495403472924,0.49056603773584906
3574,GO_NEURON_PROJECTION_GUIDANCE,0.6071501532175688,0.5742138364779874,0.4499489274770174,0.4962264150943396
3575,GO_POSITIVE_REGULATION_OF_MEMBRANE_PROTEIN_ECTODOMAIN_PROTEOLYSIS,0.5229826353421858,0.5333333333333333,0.4943820224719101,0.49056603773584906
3576,GO_CHONDROITIN_SULFATE_PROTEOGLYCAN_METABOLIC_PROCESS,0.623391215526047,0.5484276729559748,0.49009193054136874,0.5289308176100629
3577,GO_EPITHELIAL_CELL_DIFFERENTIATION_INVOLVED_IN_PROSTATE_GLAND_DEVELOPMENT,0.5537282941777323,0.5238993710691824,0.4983656792645556,0.4861635220125786
3578,GO_PROTEIN_PALMITOYLATION,0.5,0.5,0.5,0.5
3579,GO_DORSAL_VENTRAL_AXIS_SPECIFICATION,0.5637385086823289,0.5188679245283019,0.4629213483146067,0.5289308176100629
3580,GO_PROTEIN_CHROMOPHORE_LINKAGE,0.5308478038815118,0.5666666666666667,0.4866189989785495,0.5333333333333333
3581,GO_REGULATION_OF_P38MAPK_CASCADE,0.5804902962206333,0.520125786163522,0.4801838610827375,0.49056603773584906
3582,GO_FEEDING_BEHAVIOR,0.5903983656792646,0.4716981132075472,0.4902962206332992,0.5811320754716981
3583,GO_REGULATION_OF_PROTEIN_SERINE_THREONINE_KINASE_ACTIVITY,0.6391215526046986,0.5817610062893082,0.4389172625127681,0.6144654088050315
3584,GO_REGULATION_OF_INTERLEUKIN_1_SECRETION,0.5970377936670073,0.5006289308176101,0.4943820224719101,0.49056603773584906
3585,GO_REGULATION_OF_TRANSPORT,0.6887640449438202,0.6232704402515723,0.5244126659856997,0.6427672955974844
3586,GO_ESTABLISHMENT_OR_MAINTENANCE_OF_BIPOLAR_CELL_POLARITY,0.6164453524004087,0.6616352201257862,0.5,0.5
3587,GO_FOREBRAIN_NEURON_FATE_COMMITMENT,0.6082737487231871,0.6088050314465409,0.5,0.5
3588,GO_SULFUR_AMINO_ACID_BIOSYNTHETIC_PROCESS,0.5633299284984679,0.4811320754716981,0.4991828396322778,0.5238993710691824
3589,GO_CELLULAR_RESPONSE_TO_VITAMIN,0.5764044943820225,0.5654088050314465,0.4943820224719101,0.49056603773584906
3590,GO_PEPTIDE_HORMONE_PROCESSING,0.6198161389172625,0.5968553459119497,0.4991828396322778,0.5333333333333333
3591,GO_CELLULAR_RESPONSE_TO_VITAMIN_D,0.5472931562819204,0.4981132075471698,0.49570990806945864,0.5238993710691824
3592,GO_NEGATIVE_REGULATION_OF_IMMUNE_RESPONSE,0.6821246169560775,0.5182389937106918,0.43585291113381,0.5465408805031446
3593,GO_REGULATION_OF_RESPONSE_TO_OXIDATIVE_STRESS,0.613585291113381,0.60062893081761,0.4755873340143003,0.4528301886792453
3594,GO_POSITIVE_REGULATION_OF_PROTEIN_EXPORT_FROM_NUCLEUS,0.5524004085801838,0.5333333333333333,0.49785495403472924,0.5333333333333333
3595,GO_GTP_METABOLIC_PROCESS,0.5539325842696629,0.5622641509433962,0.48314606741573035,0.5333333333333333
3596,GO_PROTEIN_K48_LINKED_UBIQUITINATION,0.5363636363636364,0.49056603773584906,0.4922369765066394,0.49056603773584906
3597,GO_MACROMITOPHAGY,0.6971399387129725,0.4918238993710692,0.4311542390194075,0.6295597484276729
3598,GO_NUCLEOTIDE_EXCISION_REPAIR_DNA_DUPLEX_UNWINDING,0.5082737487231869,0.5050314465408805,0.4732379979570991,0.49056603773584906
3599,GO_T_CELL_MEDIATED_IMMUNITY,0.559244126659857,0.6490566037735849,0.47538304392236974,0.5666666666666667
3600,GO_DNA_DAMAGE_RESPONSE_DETECTION_OF_DNA_DAMAGE,0.5253319713993871,0.5477987421383648,0.4858018386108274,0.4716981132075472
3601,GO_MITOCHONDRION_LOCALIZATION,0.6284984678243105,0.5723270440251572,0.5,0.5
3602,GO_MATURATION_OF_5_8S_RRNA,0.5363636363636364,0.5144654088050314,0.4925434116445352,0.5144654088050314
3603,GO_REGULATION_OF_POTASSIUM_ION_TRANSMEMBRANE_TRANSPORT,0.6283963227783452,0.5823899371069182,0.45607763023493364,0.5566037735849056
3604,GO_ASPARTATE_METABOLIC_PROCESS,0.5506639427987743,0.5333333333333333,0.49570990806945864,0.5333333333333333
3605,GO_REGULATION_OF_DENDRITE_EXTENSION,0.5832482124616957,0.5415094339622641,0.5,0.5
3606,GO_MECHANOSENSORY_BEHAVIOR,0.624923391215526,0.6276729559748428,0.4911133810010214,0.4949685534591195
3607,GO_BONE_RESORPTION,0.5817160367722166,0.5069182389937107,0.4823289070480081,0.4811320754716981
3608,GO_AXONEME_ASSEMBLY,0.5907048008171603,0.6264150943396227,0.4877425944841675,0.5522012578616352
3609,GO_REGULATION_OF_IMMUNE_EFFECTOR_PROCESS,0.6962206332992851,0.5534591194968554,0.42512768130745665,0.5119496855345912
3610,GO_GANGLION_DEVELOPMENT,0.5817160367722166,0.5471698113207547,0.5,0.5
3611,GO_REGULATION_OF_SECONDARY_METABOLIC_PROCESS,0.5251276813074566,0.49056603773584906,0.5,0.5
3612,GO_REGULATION_OF_NUCLEOTIDE_METABOLIC_PROCESS,0.7109295199182839,0.6025157232704402,0.4556690500510725,0.5283018867924528
3613,GO_CALCIUM_ION_TRANSMEMBRANE_TRANSPORT,0.6808988764044943,0.5421383647798742,0.4615934627170582,0.47735849056603774
3614,GO_HOMOPHILIC_CELL_ADHESION_VIA_PLASMA_MEMBRANE_ADHESION_MOLECULES,0.7002042900919305,0.5094339622641509,0.4605720122574055,0.6069182389937108
3615,GO_DEVELOPMENTAL_GROWTH_INVOLVED_IN_MORPHOGENESIS,0.6681307456588356,0.6232704402515723,0.4533197139938713,0.4679245283018868
3616,GO_CARDIAC_SEPTUM_MORPHOGENESIS,0.6117466802860062,0.6088050314465409,0.4983656792645556,0.4861635220125786
3617,GO_REGULATION_OF_TRANSCRIPTION_INVOLVED_IN_CELL_FATE_COMMITMENT,0.5526046986721144,0.6,0.49009193054136874,0.5238993710691824
3618,GO_CENTRAL_NERVOUS_SYSTEM_NEURON_DEVELOPMENT,0.6748723186925434,0.5943396226415094,0.47150153217568946,0.4861635220125786
3619,GO_POSITIVE_REGULATION_OF_T_CELL_MEDIATED_IMMUNITY,0.5556690500510725,0.5566037735849056,0.48764044943820223,0.5050314465408805
3620,GO_EXOCYTOSIS,0.6133810010214504,0.6037735849056604,0.44412665985699695,0.5176100628930818
3621,GO_REGULATION_OF_HISTONE_H4_ACETYLATION,0.5406537282941777,0.5490566037735849,0.4991828396322778,0.5333333333333333
3622,GO_POSITIVE_REGULATION_OF_LIPID_STORAGE,0.6050051072522983,0.529559748427673,0.49713993871297246,0.6157232704402515
3623,GO_PYRIMIDINE_NUCLEOSIDE_METABOLIC_PROCESS,0.5796731358529111,0.5415094339622641,0.46404494382022465,0.5572327044025157
3624,GO_REGULATION_OF_SISTER_CHROMATID_COHESION,0.5727272727272726,0.5144654088050314,0.49785495403472924,0.5333333333333333
3625,GO_HEPARAN_SULFATE_PROTEOGLYCAN_BIOSYNTHETIC_PROCESS,0.5822267620020429,0.5647798742138365,0.4786516853932585,0.5622641509433962
3626,GO_REGULATION_OF_CARDIAC_MUSCLE_CONTRACTION,0.606435137895812,0.629559748427673,0.48100102145045953,0.5817610062893082
3627,GO_ZINC_ION_HOMEOSTASIS,0.5524004085801838,0.5893081761006289,0.4943820224719101,0.5333333333333333
3628,GO_POSITIVE_REGULATION_OF_I_KAPPAB_KINASE_NF_KAPPAB_SIGNALING,0.6844739530132788,0.6446540880503145,0.43094994892747696,0.6805031446540881
3629,GO_EYE_PHOTORECEPTOR_CELL_DEVELOPMENT,0.5706843718079673,0.6245283018867924,0.4938712972420838,0.4962264150943396
3630,GO_NEGATIVE_REGULATION_OF_OSTEOBLAST_DIFFERENTIATION,0.5629213483146067,0.5635220125786163,0.4780388151174668,0.5088050314465409
3631,GO_REGULATION_OF_VIRAL_INDUCED_CYTOPLASMIC_PATTERN_RECOGNITION_RECEPTOR_SIGNALING_PATHWAY,0.5408580183861083,0.5050314465408805,0.5,0.5
3632,GO_GLYCOSYLATION,0.6871297242083759,0.6314465408805032,0.422267620020429,0.5955974842767295
3633,GO_ANGIOGENESIS_INVOLVED_IN_WOUND_HEALING,0.5684371807967314,0.5144654088050314,0.49009193054136874,0.5666666666666667
3634,GO_REGULATION_OF_RECEPTOR_RECYCLING,0.5543411644535239,0.5157232704402516,0.48764044943820223,0.4528301886792453
3635,GO_REGULATION_OF_INTERLEUKIN_2_PRODUCTION,0.6258426966292134,0.5893081761006289,0.48294177732379984,0.569811320754717
3636,GO_REGULATION_OF_PROTEIN_COMPLEX_DISASSEMBLY,0.6779366700715015,0.6257861635220127,0.44892747701736463,0.5660377358490566
3637,GO_NEGATIVE_REGULATION_OF_MYELOID_CELL_DIFFERENTIATION,0.6195097037793668,0.5314465408805031,0.478855975485189,0.5572327044025157
3638,GO_POSITIVE_REGULATION_OF_SMOOTHENED_SIGNALING_PATHWAY,0.541164453524004,0.5572327044025157,0.47242083758937686,0.5289308176100629
3639,GO_NEUTROPHIL_ACTIVATION_INVOLVED_IN_IMMUNE_RESPONSE,0.5229826353421858,0.4811320754716981,0.5,0.5
3640,GO_POSITIVE_REGULATION_OF_EXTRINSIC_APOPTOTIC_SIGNALING_PATHWAY,0.5931562819203269,0.5459119496855346,0.47752808988764045,0.4716981132075472
3641,GO_REGULATION_OF_MUSCLE_SYSTEM_PROCESS,0.6881511746680286,0.5710691823899372,0.44382022471910115,0.6817610062893081
3642,GO_ARACHIDONATE_TRANSPORT,0.5855975485188969,0.5471698113207547,0.4866189989785495,0.49056603773584906
3643,GO_LONG_CHAIN_FATTY_ACID_TRANSPORT,0.6310520939734423,0.5786163522012578,0.4773237997957099,0.4861635220125786
3644,GO_ACTIN_NUCLEATION,0.5320735444330951,0.5622641509433962,0.498876404494382,0.5144654088050314
3645,GO_CHROMATIN_REMODELING,0.6251276813074567,0.5836477987421383,0.44514811031664964,0.5647798742138365
3646,GO_IMPORT_INTO_CELL,0.5971399387129726,0.5471698113207547,0.4866189989785495,0.5333333333333333
3647,GO_CALCIUM_INDEPENDENT_CELL_CELL_ADHESION_VIA_PLASMA_MEMBRANE_CELL_ADHESION_MOLECULES,0.5160367722165474,0.49056603773584906,0.4922369765066394,0.5333333333333333
3648,GO_PHOSPHOLIPID_CATABOLIC_PROCESS,0.5663942798774259,0.5006289308176101,0.4810010214504596,0.4811320754716981
3649,GO_REGULATION_OF_EXTRACELLULAR_MATRIX_DISASSEMBLY,0.5340143003064352,0.5811320754716981,0.4810010214504596,0.5333333333333333
3650,GO_REGULATION_OF_PRI_MIRNA_TRANSCRIPTION_FROM_RNA_POLYMERASE_II_PROMOTER,0.5621041879468845,0.5735849056603773,0.46741573033707867,0.5666666666666667
3651,GO_COLLECTING_DUCT_DEVELOPMENT,0.5593462717058222,0.5289308176100629,0.4922369765066394,0.49056603773584906
3652,GO_HEXOSE_METABOLIC_PROCESS,0.6566905005107252,0.5635220125786163,0.48192032686414704,0.5289308176100629
3653,GO_REGULATION_OF_TRIGLYCERIDE_BIOSYNTHETIC_PROCESS,0.5783452502553625,0.5572327044025157,0.4948927477017364,0.5238993710691824
3654,GO_REGULATION_OF_RESPONSE_TO_CYTOKINE_STIMULUS,0.6621041879468846,0.6119496855345912,0.44453524004085804,0.5754716981132075
3655,GO_NEUROMUSCULAR_PROCESS,0.6996935648621042,0.5641509433962264,0.4930541368743615,0.5874213836477987
3656,GO_ACTIN_CYTOSKELETON_REORGANIZATION,0.6518896833503575,0.5484276729559748,0.48324821246169564,0.5037735849056604
3657,GO_PURINE_CONTAINING_COMPOUND_METABOLIC_PROCESS,0.7011235955056179,0.5270440251572327,0.4101123595505618,0.6522012578616353
3658,GO_NEGATIVE_REGULATION_OF_CD4_POSITIVE_ALPHA_BETA_T_CELL_ACTIVATION,0.5269662921348314,0.5238993710691824,0.48314606741573035,0.49056603773584906
3659,GO_LIPID_LOCALIZATION,0.7135852911133811,0.579245283018868,0.4319713993871297,0.5415094339622641
3660,GO_HETEROCHROMATIN_ORGANIZATION,0.5074565883554647,0.5383647798742138,0.47803881511746676,0.519496855345912
3661,GO_GLAND_DEVELOPMENT,0.6939734422880491,0.619496855345912,0.413585291113381,0.4691823899371069
3662,GO_RESPONSE_TO_MERCURY_ION,0.5844739530132789,0.5238993710691824,0.5,0.5
3663,GO_REGULATION_OF_UBIQUITIN_PROTEIN_LIGASE_ACTIVITY,0.5646578140960163,0.590566037735849,0.49570990806945864,0.5238993710691824
3664,GO_BETA_CATENIN_TCF_COMPLEX_ASSEMBLY,0.5828396322778345,0.5974842767295597,0.4702757916241062,0.5314465408805031
3665,GO_ACTIVATION_OF_PROTEIN_KINASE_ACTIVITY,0.655056179775281,0.5452830188679245,0.44933605720122577,0.5767295597484277
3666,GO_REGULATION_OF_CELL_CYCLE_PROCESS,0.7067415730337079,0.7201257861635221,0.4644535240040858,0.5792452830188679
3667,GO_ESTABLISHMENT_OR_MAINTENANCE_OF_CELL_POLARITY,0.6593462717058223,0.6974842767295598,0.47691521961184874,0.5735849056603773
3668,GO_IMMUNE_RESPONSE_REGULATING_CELL_SURFACE_RECEPTOR_SIGNALING_PATHWAY,0.6656792645556691,0.5389937106918239,0.44147088866189993,0.5333333333333333
3669,GO_VESICLE_DOCKING,0.5759959141981614,0.5716981132075472,0.4844739530132789,0.49056603773584906
3670,GO_OLIGODENDROCYTE_DIFFERENTIATION,0.6390194075587334,0.6194968553459119,0.4920326864147089,0.5226415094339623
3671,GO_NEUROMUSCULAR_SYNAPTIC_TRANSMISSION,0.6052093973442287,0.5062893081761006,0.46741573033707867,0.5289308176100629
3672,GO_CELL_KILLING,0.5993871297242085,0.5157232704402516,0.478855975485189,0.5578616352201258
3673,GO_CELL_CYCLE_CHECKPOINT,0.647599591419816,0.4949685534591195,0.4692543411644535,0.5138364779874214
3674,GO_NEPHRON_TUBULE_FORMATION,0.5492339121552604,0.49559748427672956,0.4823289070480081,0.5144654088050314
3675,GO_NEGATIVE_REGULATION_OF_CARDIAC_MUSCLE_TISSUE_DEVELOPMENT,0.5712972420837589,0.5911949685534591,0.4922369765066394,0.5477987421383648
3676,GO_NEGATIVE_REGULATION_OF_ION_TRANSPORT,0.6602655771195097,0.5465408805031446,0.4704800817160367,0.6710691823899372
3677,GO_CEREBRAL_CORTEX_RADIALLY_ORIENTED_CELL_MIGRATION,0.6102145045965272,0.5836477987421383,0.47538304392236974,0.49056603773584906
3678,GO_LYMPH_VESSEL_DEVELOPMENT,0.5996935648621042,0.5647798742138365,0.4865168539325843,0.5578616352201258
3679,GO_RESPONSE_TO_CADMIUM_ION,0.5988764044943821,0.5289308176100629,0.48314606741573035,0.49056603773584906
3680,GO_RESPONSE_TO_CYTOKINE,0.7051072522982635,0.6358490566037736,0.4799795709908069,0.5974842767295598
3681,GO_REGULATION_OF_CARDIAC_CONDUCTION,0.6484167517875383,0.6075471698113208,0.49601634320735444,0.5622641509433962
3682,GO_POSITIVE_REGULATION_OF_EXTRINSIC_APOPTOTIC_SIGNALING_PATHWAY_VIA_DEATH_DOMAIN_RECEPTORS,0.5593462717058222,0.5238993710691824,0.48314606741573035,0.5333333333333333
3683,GO_SPLICEOSOMAL_COMPLEX_ASSEMBLY,0.5886618998978549,0.540251572327044,0.49785495403472924,0.49056603773584906
3684,GO_SNRNA_PROCESSING,0.517364657814096,0.5144654088050314,0.4922369765066394,0.49056603773584906
3685,GO_POSITIVE_REGULATION_OF_CELL_DIFFERENTIATION,0.6985699693564862,0.5477987421383648,0.45597548518896835,0.6327044025157232
3686,GO_ATRIOVENTRICULAR_VALVE_DEVELOPMENT,0.537691521961185,0.5666666666666667,0.47191011235955055,0.49056603773584906
3687,GO_RRNA_MODIFICATION,0.5069458631256384,0.4811320754716981,0.4922369765066394,0.5238993710691824
3688,GO_POSITIVE_REGULATION_OF_MONOOXYGENASE_ACTIVITY,0.6073544433094996,0.5647798742138365,0.49938712972420835,0.5383647798742138
3689,GO_POSITIVE_REGULATION_OF_DENDRITIC_SPINE_MORPHOGENESIS,0.580796731358529,0.5094339622641509,0.4922369765066394,0.5333333333333333
3690,GO_PROSTATE_GLAND_DEVELOPMENT,0.5697650663942798,0.5911949685534591,0.48161389172625124,0.5383647798742138
3691,GO_MICROVILLUS_ORGANIZATION,0.542288049029622,0.5289308176100629,0.46813074565883556,0.46226415094339623
3692,GO_ADENOHYPOPHYSIS_DEVELOPMENT,0.5530132788559755,0.5477987421383648,0.47191011235955055,0.49056603773584906
3693,GO_REGULATION_OF_T_HELPER_1_TYPE_IMMUNE_RESPONSE,0.5477017364657814,0.6025157232704402,0.4810010214504596,0.5333333333333333
3694,GO_REGULATION_OF_INTERLEUKIN_6_PRODUCTION,0.6759959141981614,0.580503144654088,0.4633299284984679,0.5767295597484277
3695,GO_SECONDARY_METABOLIC_PROCESS,0.6234933605720122,0.49559748427672956,0.48314606741573035,0.5333333333333333
3696,GO_NEGATIVE_REGULATION_OF_GLUCONEOGENESIS,0.5251276813074566,0.4811320754716981,0.4887640449438202,0.5238993710691824
3697,GO_REGULATION_OF_TRANSMISSION_OF_NERVE_IMPULSE,0.5570990806945862,0.6081761006289308,0.5,0.5
3698,GO_FATTY_ACID_DERIVATIVE_BIOSYNTHETIC_PROCESS,0.6060265577119508,0.5559748427672956,0.5,0.5
3699,GO_GLUTAMATE_RECEPTOR_SIGNALING_PATHWAY,0.6222676200204289,0.5849056603773585,0.5187946884576098,0.6314465408805031
3700,GO_PYRUVATE_METABOLIC_PROCESS,0.614708886618999,0.5930817610062893,0.4734422880490296,0.6144654088050314
3701,GO_POSITIVE_REGULATION_OF_ERBB_SIGNALING_PATHWAY,0.5957099080694587,0.5540880503144654,0.4767109295199182,0.44339622641509435
3702,GO_REGULATION_OF_POTASSIUM_ION_TRANSMEMBRANE_TRANSPORTER_ACTIVITY,0.5817160367722166,0.5911949685534591,0.4876404494382023,0.5792452830188679
3703,GO_NITRIC_OXIDE_MEDIATED_SIGNAL_TRANSDUCTION,0.6232890704800818,0.5044025157232704,0.49009193054136874,0.5666666666666667
3704,GO_POSITIVE_REGULATION_OF_TYROSINE_PHOSPHORYLATION_OF_STAT5_PROTEIN,0.5846782431052094,0.47861635220125787,0.4767109295199182,0.5572327044025157
3705,GO_NEGATIVE_REGULATION_OF_ENDOTHELIAL_CELL_APOPTOTIC_PROCESS,0.5269662921348314,0.5138364779874214,0.4623084780388151,0.5968553459119497
3706,GO_ESTABLISHMENT_OF_MITOTIC_SPINDLE_LOCALIZATION,0.5591419816138917,0.4716981132075472,0.5,0.5
3707,GO_STEROL_METABOLIC_PROCESS,0.6390194075587334,0.5761006289308176,0.5022471910112359,0.549685534591195
3708,GO_RETINA_DEVELOPMENT_IN_CAMERA_TYPE_EYE,0.6880490296220633,0.6088050314465409,0.46384065372829414,0.6610062893081761
3709,GO_REGULATION_OF_POSTTRANSCRIPTIONAL_GENE_SILENCING,0.5744637385086823,0.5823899371069182,0.4922369765066394,0.49056603773584906
3710,GO_POST_ANAL_TAIL_MORPHOGENESIS,0.5677221654749744,0.4811320754716981,0.5,0.5
3711,GO_PEPTIDYL_ASPARAGINE_MODIFICATION,0.5828396322778345,0.4578616352201258,0.49570990806945864,0.5572327044025157
3712,GO_POSITIVE_REGULATION_OF_ENDOTHELIAL_CELL_PROLIFERATION,0.6187946884576099,0.4528301886792453,0.4708886618998978,0.5144654088050314
3713,GO_CYTOLYSIS,0.6337078651685393,0.5283018867924528,0.5,0.5
3714,GO_REGULATION_OF_VIRAL_GENOME_REPLICATION,0.596629213483146,0.5226415094339623,0.47191011235955055,0.4811320754716981
3715,GO_MAMMARY_GLAND_EPITHELIAL_CELL_PROLIFERATION,0.5251276813074566,0.5238993710691824,0.4887640449438202,0.5333333333333333
3716,GO_REPRODUCTION,0.6375893769152196,0.6012578616352202,0.48743615934627166,0.5515723270440251
3717,GO_REGULATION_OF_STAT_CASCADE,0.6363636363636364,0.5610062893081761,0.45352400408580185,0.5635220125786163
3718,GO_REGULATION_OF_ION_TRANSPORT,0.6693564862104189,0.6572327044025156,0.5114402451481103,0.5691823899371069
3719,GO_DORSAL_SPINAL_CORD_DEVELOPMENT,0.572829417773238,0.590566037735849,0.49570990806945864,0.49056603773584906
3720,GO_NEURON_DEATH,0.6086823289070479,0.6088050314465409,0.4844739530132789,0.4716981132075472
3721,GO_POSITIVE_REGULATION_OF_AUTOPHAGY,0.6423901940755873,0.5226415094339623,0.43912155260469865,0.5044025157232704
3722,GO_SIGNAL_TRANSDUCTION_BY_PROTEIN_PHOSPHORYLATION,0.6843718079673136,0.6094339622641509,0.44504596527068435,0.6106918238993712
3723,GO_RECEPTOR_MEDIATED_ENDOCYTOSIS,0.6880490296220634,0.6295597484276729,0.43309499489274766,0.5584905660377358
3724,GO_POSITIVE_REGULATION_OF_ACTIN_FILAMENT_BUNDLE_ASSEMBLY,0.592032686414709,0.6037735849056604,0.473953013278856,0.5157232704402516
3725,GO_2_OXOGLUTARATE_METABOLIC_PROCESS,0.546475995914198,0.4339622641509434,0.4943820224719101,0.5144654088050314
3726,GO_TRYPTOPHAN_METABOLIC_PROCESS,0.5719101123595506,0.5477987421383648,0.4943820224719101,0.4716981132075472
3727,GO_INOSITOL_PHOSPHATE_MEDIATED_SIGNALING,0.5994892747701738,0.560377358490566,0.4745658835546476,0.5138364779874214
3728,GO_REGULATION_OF_MEMBRANE_PERMEABILITY,0.5439223697650664,0.5044025157232704,0.4550561797752809,0.5572327044025157
3729,GO_ANDROGEN_RECEPTOR_SIGNALING_PATHWAY,0.5829417773237998,0.48553459119496856,0.4787538304392237,0.5716981132075472
3730,GO_NEGATIVE_REGULATION_OF_DNA_TEMPLATED_TRANSCRIPTION_ELONGATION,0.5216547497446373,0.5238993710691824,0.4914198161389173,0.49056603773584906
3731,GO_POSITIVE_REGULATION_OF_STEM_CELL_PROLIFERATION,0.6367722165474975,0.6132075471698113,0.4525025536261491,0.5660377358490566
3732,GO_GERM_CELL_DEVELOPMENT,0.7098059244126659,0.5647798742138366,0.4912155260469867,0.5874213836477987
3733,GO_NEGATIVE_REGULATION_OF_RECEPTOR_MEDIATED_ENDOCYTOSIS,0.5467824310520939,0.5050314465408805,0.48314606741573035,0.5238993710691824
3734,GO_DNA_LIGATION,0.5473953013278856,0.5050314465408805,0.4991828396322778,0.4811320754716981
3735,GO_REGULATION_OF_SPROUTING_ANGIOGENESIS,0.5711950970377937,0.5622641509433962,0.45464759959141976,0.6025157232704402
3736,GO_CELLULAR_MACROMOLECULE_LOCALIZATION,0.6300306435137896,0.6000000000000001,0.44719101123595506,0.6710691823899371
3737,GO_REGULATION_OF_CELLULAR_RESPONSE_TO_INSULIN_STIMULUS,0.6623084780388151,0.569811320754717,0.4707865168539325,0.5955974842767295
3738,GO_NEPHRON_DEVELOPMENT,0.6723186925434117,0.6566037735849056,0.4446373850868233,0.6295597484276729
3739,GO_POSITIVE_REGULATION_OF_RESPONSE_TO_DNA_DAMAGE_STIMULUS,0.6147088866189991,0.5893081761006289,0.48283963227783444,0.540251572327044
3740,GO_PURINE_CONTAINING_COMPOUND_CATABOLIC_PROCESS,0.6352400408580184,0.5270440251572327,0.46680286006128696,0.5069182389937107
3741,GO_REGULATION_OF_LIPOPROTEIN_PARTICLE_CLEARANCE,0.5229826353421858,0.5333333333333333,0.4922369765066394,0.5666666666666667
3742,GO_PLATELET_DEGRANULATION,0.644126659856997,0.5415094339622641,0.48314606741573035,0.5572327044025157
3743,GO_POSITIVE_REGULATION_OF_INFLAMMATORY_RESPONSE,0.6669050051072521,0.5937106918238994,0.49693564862104195,0.5955974842767295
3744,GO_LIPID_OXIDATION,0.601123595505618,0.6339622641509434,0.4921348314606741,0.5044025157232704
3745,GO_INTEGRIN_MEDIATED_SIGNALING_PATHWAY,0.6741573033707865,0.549685534591195,0.49213483146067416,0.5144654088050314
3746,GO_NOTOCHORD_DEVELOPMENT,0.6109295199182839,0.5679245283018868,0.5,0.5
3747,GO_DICARBOXYLIC_ACID_CATABOLIC_PROCESS,0.5342185903983656,0.49056603773584906,0.49785495403472924,0.49056603773584906
3748,GO_NAD_BIOSYNTHETIC_PROCESS,0.5195097037793667,0.4716981132075472,0.4943820224719101,0.4716981132075472
3749,GO_REGULATION_OF_SULFUR_METABOLIC_PROCESS,0.5048008171603676,0.5238993710691824,0.49009193054136874,0.4811320754716981
3750,GO_SKIN_DEVELOPMENT,0.6817160367722166,0.5188679245283019,0.46864147088866187,0.6811320754716981
3751,GO_ADENYLATE_CYCLASE_ACTIVATING_G_PROTEIN_COUPLED_RECEPTOR_SIGNALING_PATHWAY,0.6366700715015322,0.5893081761006289,0.455464759959142,0.5559748427672956
3752,GO_MESODERM_DEVELOPMENT,0.6482124616956078,0.5044025157232704,0.4585291113381001,0.5333333333333333
3753,GO_GENITALIA_DEVELOPMENT,0.6258426966292135,0.5314465408805031,0.49570990806945864,0.49056603773584906
3754,GO_NEGATIVE_REGULATION_OF_CALCIUM_MEDIATED_SIGNALING,0.5264555669050051,0.5144654088050314,0.4970377936670072,0.5333333333333333
3755,GO_REGULATION_OF_TYROSINE_PHOSPHORYLATION_OF_STAT1_PROTEIN,0.5419816138917262,0.48553459119496856,0.4710929519918283,0.6
3756,GO_CELLULAR_RESPONSE_TO_STRESS,0.6895812053115423,0.49937106918238994,0.42686414708886616,0.6163522012578616
3757,GO_PATTERN_SPECIFICATION_PROCESS,0.7239019407558733,0.6371069182389936,0.475076608784474,0.5452830188679245
3758,GO_REGULATION_OF_ALCOHOL_BIOSYNTHETIC_PROCESS,0.6348314606741573,0.5962264150943396,0.4823289070480081,0.5144654088050314
3759,GO_PHOSPHATIDIC_ACID_METABOLIC_PROCESS,0.5775280898876404,0.5477987421383648,0.4985699693564862,0.4716981132075472
3760,GO_NEGATIVE_REGULATION_OF_VIRAL_GENOME_REPLICATION,0.5796731358529111,0.5383647798742138,0.4620020429009193,0.5144654088050314
3761,GO_ANGIOGENESIS,0.7093973442288048,0.5515723270440251,0.4869254341164454,0.6069182389937108
3762,GO_EPITHELIAL_CELL_DIFFERENTIATION,0.6870275791624106,0.5748427672955976,0.4822267620020429,0.470440251572327
3763,GO_REGULATION_OF_NATURAL_KILLER_CELL_MEDIATED_IMMUNITY,0.5757916241062309,0.5276729559748428,0.4752808988764045,0.4861635220125786
3764,GO_LYMPHOID_PROGENITOR_CELL_DIFFERENTIATION,0.5524004085801838,0.5572327044025157,0.4858018386108274,0.5477987421383648
3765,GO_METHYLATION,0.6948927477017365,0.5540880503144654,0.46241062308478037,0.5817610062893082
3766,GO_CELL_SURFACE_RECEPTOR_SIGNALING_PATHWAY_INVOLVED_IN_HEART_DEVELOPMENT,0.5831460674157304,0.5383647798742138,0.49785495403472924,0.5333333333333333
3767,GO_PROTEIN_IMPORT_INTO_MITOCHONDRIAL_MATRIX,0.5069458631256384,0.49056603773584906,0.48314606741573035,0.5238993710691824
3768,GO_MODULATION_OF_SYNAPTIC_TRANSMISSION,0.7210418794688458,0.620125786163522,0.5182839632277834,0.6415094339622641
3769,GO_CELLULAR_RESPONSE_TO_REACTIVE_NITROGEN_SPECIES,0.6077630234933606,0.5672955974842767,0.4866189989785495,0.5333333333333333
3770,GO_POSITIVE_REGULATION_OF_VASCULAR_ENDOTHELIAL_GROWTH_FACTOR_RECEPTOR_SIGNALING_PATHWAY,0.5454545454545454,0.5238993710691824,0.49080694586312557,0.5213836477987421
3771,GO_REGULATION_OF_CATECHOLAMINE_METABOLIC_PROCESS,0.5494382022471911,0.4716981132075472,0.4922369765066394,0.5144654088050314
3772,GO_MELANOCYTE_DIFFERENTIATION,0.6137895812053115,0.5276729559748428,0.478855975485189,0.5666666666666667
3773,GO_RNA_CATABOLIC_PROCESS,0.671297242083759,0.5075471698113208,0.4681307456588355,0.5226415094339623
3774,GO_DNA_DOUBLE_STRAND_BREAK_PROCESSING,0.554749744637385,0.5477987421383648,0.4866189989785495,0.49056603773584906
3775,GO_ESTABLISHMENT_OF_MITOCHONDRION_LOCALIZATION,0.5538304392236976,0.5930817610062893,0.5,0.5
3776,GO_UBIQUITIN_DEPENDENT_PROTEIN_CATABOLIC_PROCESS_VIA_THE_MULTIVESICULAR_BODY_SORTING_PATHWAY,0.5104187946884576,0.5333333333333333,0.49009193054136874,0.5238993710691824
3777,GO_FATTY_ACID_TRANSPORT,0.6365679264555669,0.5691823899371069,0.5,0.5
3778,GO_VENTRICULAR_TRABECULA_MYOCARDIUM_MORPHOGENESIS,0.538508682328907,0.5918238993710692,0.49785495403472924,0.49056603773584906
3779,GO_REGULATION_OF_CELL_SHAPE,0.6513789581205313,0.6685534591194968,0.4510725229826353,0.5094339622641509
3780,GO_ARACHIDONIC_ACID_METABOLIC_PROCESS,0.6944841675178753,0.6194968553459119,0.5,0.5
3781,GO_RESPONSE_TO_ETHER,0.5537282941777323,0.6,0.5,0.5
3782,GO_POSITIVE_REGULATION_OF_TRANSCRIPTION_FROM_RNA_POLYMERASE_II_PROMOTER_INVOLVED_IN_CELLULAR_RESPONSE_TO_CHEMICAL_STIMULUS,0.5697650663942799,0.5861635220125786,0.4959141981613892,0.5006289308176101
3783,GO_POSITIVE_REGULATION_OF_LAMELLIPODIUM_ORGANIZATION,0.5786516853932584,0.5213836477987421,0.49570990806945864,0.49056603773584906
3784,GO_REGULATION_OF_BLOOD_VOLUME_BY_RENIN_ANGIOTENSIN,0.5554647599591419,0.5213836477987421,0.4752808988764045,0.4811320754716981
3785,GO_RESPONSE_TO_NUTRIENT,0.643820224719101,0.5817610062893082,0.4617977528089888,0.5213836477987421
3786,GO_ORGANELLE_LOCALIZATION,0.6971399387129724,0.5672955974842767,0.43360572012257403,0.5238993710691824
3787,GO_VENOUS_BLOOD_VESSEL_DEVELOPMENT,0.5483146067415731,0.4811320754716981,0.4914198161389173,0.5572327044025157
3788,GO_EXECUTION_PHASE_OF_APOPTOSIS,0.5938712972420839,0.4849056603773585,0.4831460674157303,0.4861635220125786
3789,GO_CELL_DEVELOPMENT,0.6938712972420837,0.5779874213836478,0.5194075587334015,0.5886792452830188
3790,GO_PRODUCTION_OF_MOLECULAR_MEDIATOR_OF_IMMUNE_RESPONSE,0.5856996935648621,0.5477987421383648,0.49060265577119505,0.5477987421383648
3791,GO_TELENCEPHALON_DEVELOPMENT,0.6889683350357508,0.6314465408805032,0.4842696629213483,0.6339622641509435
3792,GO_PROSTANOID_METABOLIC_PROCESS,0.537691521961185,0.5144654088050314,0.48314606741573035,0.5333333333333333
3793,GO_MEMBRANE_REPOLARIZATION,0.5519918283963228,0.5226415094339623,0.4943820224719101,0.5333333333333333
3794,GO_CEREBELLAR_PURKINJE_CELL_LAYER_MORPHOGENESIS,0.5805924412665987,0.5490566037735849,0.47191011235955055,0.5144654088050314
3795,GO_CLATHRIN_MEDIATED_ENDOCYTOSIS,0.5682328907048008,0.5044025157232704,0.47630234933605725,0.5389937106918239
3796,GO_PHOSPHATIDYLETHANOLAMINE_ACYL_CHAIN_REMODELING,0.546782431052094,0.5050314465408805,0.4879468845760981,0.49056603773584906
3797,GO_RESPONSE_TO_GONADOTROPIN,0.5634320735444331,0.5572327044025157,0.48120531154239016,0.49559748427672956
3798,GO_CAMERA_TYPE_EYE_MORPHOGENESIS,0.6908069458631256,0.5641509433962264,0.46036772216547495,0.5792452830188679
3799,GO_RESPONSE_TO_COBALT_ION,0.5348314606741572,0.4861635220125786,0.4943820224719101,0.49056603773584906
3800,GO_NEUROTROPHIN_TRK_RECEPTOR_SIGNALING_PATHWAY,0.5340143003064352,0.5371069182389937,0.4767109295199182,0.540251572327044
3801,GO_MATERNAL_PLACENTA_DEVELOPMENT,0.5572012257405516,0.5572327044025157,0.4879468845760981,0.49056603773584906
3802,GO_MACROMOLECULE_METHYLATION,0.6604698672114402,0.5635220125786163,0.46302349336057197,0.46226415094339623
3803,GO_STRESS_ACTIVATED_PROTEIN_KINASE_SIGNALING_CASCADE,0.6183861082737487,0.5761006289308176,0.46353421859039834,0.580503144654088
3804,GO_REGULATION_OF_PLATELET_DERIVED_GROWTH_FACTOR_RECEPTOR_SIGNALING_PATHWAY,0.5482124616956078,0.4981132075471698,0.5,0.5
3805,GO_POSITIVE_REGULATION_OF_SMALL_GTPASE_MEDIATED_SIGNAL_TRANSDUCTION,0.6286006128702758,0.5968553459119497,0.46567926455566905,0.4767295597484277
3806,GO_CHROMATIN_SILENCING_AT_RDNA,0.582635342185904,0.5811320754716981,0.4921348314606741,0.5232704402515723
3807,GO_RESPONSE_TO_FOLIC_ACID,0.5467824310520939,0.5333333333333333,0.4943820224719101,0.5333333333333333
3808,GO_GROWTH_PLATE_CARTILAGE_DEVELOPMENT,0.5411644535240041,0.6132075471698113,0.4831460674157303,0.5811320754716981
3809,GO_O_GLYCAN_PROCESSING,0.6168539325842697,0.479874213836478,0.5019407558733402,0.5716981132075472
3810,GO_POSITIVE_REGULATION_OF_CYCLIC_NUCLEOTIDE_METABOLIC_PROCESS,0.6636363636363637,0.60062893081761,0.47436159346271706,0.5314465408805031
3811,GO_REACTIVE_OXYGEN_SPECIES_METABOLIC_PROCESS,0.621859039836568,0.6125786163522013,0.4842696629213483,0.5578616352201258
3812,GO_REGULATION_OF_AUTOPHAGOSOME_ASSEMBLY,0.5216547497446373,0.4811320754716981,0.4710929519918283,0.5044025157232704
3813,GO_NEUTRAL_AMINO_ACID_TRANSPORT,0.6370786516853933,0.6647798742138364,0.49785495403472924,0.5238993710691824
3814,GO_POSITIVE_REGULATION_OF_MULTI_ORGANISM_PROCESS,0.6562819203268642,0.6113207547169811,0.46138917262512763,0.46226415094339623
3815,GO_MESENCHYME_MORPHOGENESIS,0.5776302349336058,0.5050314465408805,0.4794688457609806,0.48867924528301887
3816,GO_CENTROSOME_DUPLICATION,0.5609805924412666,0.5044025157232704,0.45076608784473954,0.5811320754716981
3817,GO_REGULATION_OF_BINDING,0.6720122574055158,0.690566037735849,0.41981613891726255,0.5635220125786163
3818,GO_POSITIVE_REGULATION_OF_IMMUNE_RESPONSE,0.7048008171603677,0.4968553459119497,0.508988764044944,0.5459119496855346
3819,GO_POSITIVE_REGULATION_OF_CHEMOTAXIS,0.6754851889683351,0.5044025157232704,0.4866189989785495,0.5333333333333333
3820,GO_REGULATION_OF_RHO_PROTEIN_SIGNAL_TRANSDUCTION,0.687129724208376,0.6031446540880503,0.467926455566905,0.6176100628930817
3821,GO_NEGATIVE_REGULATION_OF_REACTIVE_OXYGEN_SPECIES_BIOSYNTHETIC_PROCESS,0.5213483146067415,0.590566037735849,0.4970377936670072,0.5333333333333333
3822,GO_REGULATION_OF_ARF_PROTEIN_SIGNAL_TRANSDUCTION,0.5299284984678243,0.5144654088050314,0.5,0.5
3823,GO_PROTEIN_AUTOPHOSPHORYLATION,0.6981613891726252,0.6213836477987421,0.44055158324821253,0.5522012578616352
3824,GO_CELLULAR_COMPONENT_DISASSEMBLY,0.7086823289070481,0.60062893081761,0.4744637385086823,0.5849056603773586
3825,GO_REGULATION_OF_GLIOGENESIS,0.6475995914198162,0.590566037735849,0.46394279877425937,0.5144654088050314
3826,GO_AMINOGLYCAN_CATABOLIC_PROCESS,0.6547497446373851,0.5062893081761006,0.4797752808988764,0.590566037735849
3827,GO_POSITIVE_REGULATION_OF_ORGANIC_ACID_TRANSPORT,0.5588355464759959,0.5314465408805031,0.5,0.5
3828,GO_MUSCLE_CELL_DIFFERENTIATION,0.7179775280898877,0.5484276729559748,0.44535240040858015,0.4761006289308176
3829,GO_ACTIVATION_OF_TRANSMEMBRANE_RECEPTOR_PROTEIN_TYROSINE_KINASE_ACTIVITY,0.5954034729315628,0.5471698113207547,0.4767109295199182,0.5477987421383648
3830,GO_PHOSPHATIDYLCHOLINE_ACYL_CHAIN_REMODELING,0.5662921348314607,0.5823899371069182,0.5,0.5
3831,GO_RNA_LOCALIZATION,0.646782431052094,0.5125786163522013,0.4801838610827375,0.5056603773584906
3832,GO_MULTI_ORGANISM_MEMBRANE_ORGANIZATION,0.5195097037793667,0.5144654088050314,0.4943820224719101,0.49056603773584906
3833,GO_POSITIVE_REGULATION_OF_EMBRYONIC_DEVELOPMENT,0.546782431052094,0.5735849056603773,0.48253319713993864,0.5144654088050314
3834,GO_HISTONE_H4_ACETYLATION,0.6116445352400408,0.5389937106918239,0.47752808988764045,0.4811320754716981
3835,GO_MATING_BEHAVIOR,0.6108273748723188,0.5471698113207547,0.4941777323799796,0.49559748427672956
3836,GO_RIBOSOMAL_LARGE_SUBUNIT_BIOGENESIS,0.5398365679264555,0.5144654088050314,0.4866189989785495,0.4811320754716981
3837,GO_REGULATION_OF_PROTEIN_POLYUBIQUITINATION,0.5299284984678243,0.5238993710691824,0.47752808988764045,0.49056603773584906
3838,GO_INACTIVATION_OF_MAPK_ACTIVITY,0.5558733401430032,0.4716981132075472,0.4887640449438202,0.4811320754716981
3839,GO_PEPTIDYL_ARGININE_METHYLATION,0.521450459652707,0.5238993710691824,0.4922369765066394,0.5333333333333333
3840,GO_NEGATIVE_REGULATION_OF_OXIDATIVE_STRESS_INDUCED_INTRINSIC_APOPTOTIC_SIGNALING_PATHWAY,0.5553626149131768,0.5289308176100629,0.4943820224719101,0.49056603773584906
3841,GO_HISTONE_PHOSPHORYLATION,0.5898876404494382,0.5069182389937107,0.4810010214504596,0.5238993710691824
3842,GO_POSITIVE_REGULATION_OF_TRANSMEMBRANE_RECEPTOR_PROTEIN_SERINE_THREONINE_KINASE_SIGNALING_PATHWAY,0.6557711950970377,0.6773584905660377,0.4793667007150153,0.5572327044025157
3843,GO_MULTICELLULAR_ORGANISM_REPRODUCTION,0.6290091930541368,0.5723270440251572,0.44984678243105214,0.6389937106918239
3844,GO_POSITIVE_REGULATION_OF_INTERFERON_GAMMA_PRODUCTION,0.5609805924412666,0.5559748427672956,0.45066394279877425,0.5911949685534591
3845,GO_NEGATIVE_REGULATION_OF_NECROTIC_CELL_DEATH,0.5160367722165474,0.5333333333333333,0.5,0.5
3846,GO_REGULATION_OF_ORGANELLE_ORGANIZATION,0.6707865168539325,0.6528301886792454,0.5685393258426967,0.560377358490566
3847,GO_PHOSPHORYLATION,0.689479060265577,0.5893081761006289,0.5013278855975485,0.6044025157232704
3848,GO_REGULATION_OF_STRIATED_MUSCLE_CELL_APOPTOTIC_PROCESS,0.5896833503575077,0.5207547169811321,0.49356486210418793,0.5333333333333333
3849,GO_STRIATED_MUSCLE_ADAPTATION,0.5365679264555668,0.5245283018867924,0.47752808988764045,0.4811320754716981
3850,GO_BRANCHING_MORPHOGENESIS_OF_AN_EPITHELIAL_TUBE,0.6721144024514811,0.6301886792452831,0.4642492339121553,0.5484276729559748
3851,GO_REGULATION_OF_RAS_PROTEIN_SIGNAL_TRANSDUCTION,0.6980592441266598,0.5911949685534591,0.4731358529111338,0.5446540880503145
3852,GO_NEGATIVE_REGULATION_OF_CYTOKINE_PRODUCTION,0.7149131767109296,0.5289308176100629,0.4529111338100103,0.5855345911949685
3853,GO_POSITIVE_REGULATION_OF_DENDRITIC_SPINE_DEVELOPMENT,0.5828396322778345,0.5138364779874214,0.48314606741573035,0.49056603773584906
3854,GO_POSITIVE_REGULATION_OF_VIRAL_PROCESS,0.6236976506639429,0.4861635220125786,0.456179775280899,0.4962264150943396
3855,GO_PROSTATE_GLANDULAR_ACINUS_DEVELOPMENT,0.5480081716036772,0.5981132075471698,0.48835546475995917,0.48050314465408805
3856,GO_REGULATION_OF_PROTEOLYSIS,0.7084780388151175,0.5534591194968553,0.445658835546476,0.5723270440251572
3857,GO_ENDOCYTOSIS,0.6620020429009194,0.5723270440251572,0.4330949948927477,0.5459119496855346
3858,GO_PROTEIN_LOCALIZATION_TO_NUCLEUS,0.6642492339121553,0.5289308176100629,0.4521961184882533,0.6144654088050314
3859,GO_PEPTIDE_CATABOLIC_PROCESS,0.5629213483146068,0.5094339622641509,0.5,0.5
3860,GO_REGULATION_OF_MHC_CLASS_II_BIOSYNTHETIC_PROCESS,0.5291113381001022,0.6144654088050314,0.4695607763023493,0.5144654088050314
3861,GO_RAC_PROTEIN_SIGNAL_TRANSDUCTION,0.5706843718079672,0.5735849056603773,0.4991828396322778,0.4716981132075472
3862,GO_NEGATIVE_REGULATION_OF_POTASSIUM_ION_TRANSMEMBRANE_TRANSPORT,0.5731358529111338,0.6226415094339622,0.4922369765066394,0.4811320754716981
3863,GO_REGULATION_OF_VIRAL_ENTRY_INTO_HOST_CELL,0.5438202247191012,0.4716981132075472,0.48253319713993864,0.540251572327044
3864,GO_CELLULAR_COMPONENT_DISASSEMBLY_INVOLVED_IN_EXECUTION_PHASE_OF_APOPTOSIS,0.5909090909090909,0.4861635220125786,0.4844739530132789,0.46226415094339623
3865,GO_POSITIVE_REGULATION_OF_SECRETION,0.6635342185903984,0.5339622641509434,0.49152196118488256,0.569811320754717
3866,GO_NEGATIVE_REGULATION_OF_WNT_SIGNALING_PATHWAY,0.664555669050051,0.5440251572327044,0.4154239019407559,0.5471698113207547
3867,GO_POSITIVE_REGULATION_OF_CELL_CYCLE,0.6900919305413689,0.6339622641509434,0.4427987742594484,0.6477987421383647
3868,GO_REGULATION_OF_CELLULAR_PROTEIN_LOCALIZATION,0.7067415730337078,0.5930817610062894,0.47170582226762003,0.6729559748427674
3869,GO_POSITIVE_REGULATION_OF_B_CELL_ACTIVATION,0.5697650663942799,0.510062893081761,0.48702757916241063,0.580503144654088
3870,GO_NEURONAL_ACTION_POTENTIAL,0.6415730337078652,0.570440251572327,0.4883554647599591,0.5383647798742138
3871,GO_REGULATION_OF_TELOMERE_MAINTENANCE_VIA_TELOMERE_LENGTHENING,0.6176710929519919,0.48050314465408805,0.47752808988764045,0.5144654088050314
3872,GO_RETROGRADE_TRANSPORT_VESICLE_RECYCLING_WITHIN_GOLGI,0.5770173646578141,0.5358490566037736,0.49785495403472924,0.4811320754716981
3873,GO_POSITIVE_REGULATION_OF_INTERLEUKIN_10_PRODUCTION,0.5491317671092952,0.6213836477987421,0.4887640449438202,0.49056603773584906
3874,GO_PARASYMPATHETIC_NERVOUS_SYSTEM_DEVELOPMENT,0.59244126659857,0.459748427672956,0.4943820224719101,0.5333333333333333
3875,GO_BASEMENT_MEMBRANE_ORGANIZATION,0.6026557711950971,0.4767295597484277,0.4887640449438202,0.49056603773584906
3876,GO_SOMITE_DEVELOPMENT,0.62267620020429,0.5924528301886792,0.449438202247191,0.4811320754716981
3877,GO_NEGATIVE_REGULATION_OF_IMMUNE_EFFECTOR_PROCESS,0.6157303370786518,0.5666666666666667,0.4594484167517875,0.5345911949685535
3878,GO_NEGATIVE_REGULATION_OF_VIRAL_RELEASE_FROM_HOST_CELL,0.537691521961185,0.4811320754716981,0.47538304392236974,0.5572327044025157
3879,GO_SERINE_FAMILY_AMINO_ACID_METABOLIC_PROCESS,0.5946884576098059,0.519496855345912,0.4961184882533197,0.5144654088050314
3880,GO_SERTOLI_CELL_DIFFERENTIATION,0.6111338100102145,0.5893081761006289,0.49785495403472924,0.5666666666666667
3881,GO_NEGATIVE_REGULATION_OF_CALCIUM_ION_TRANSMEMBRANE_TRANSPORT,0.5909090909090909,0.6031446540880503,0.49570990806945864,0.49056603773584906
3882,GO_RNA_SPLICING,0.6636363636363636,0.6251572327044026,0.42696629213483145,0.5415094339622641
3883,GO_VENTRICULAR_CARDIAC_MUSCLE_CELL_DEVELOPMENT,0.5524004085801838,0.5572327044025157,0.49785495403472924,0.5333333333333333
3884,GO_POSITIVE_REGULATION_OF_PROTEIN_POLYMERIZATION,0.6017364657814096,0.5918238993710692,0.489785495403473,0.5735849056603773
3885,GO_REGULATION_OF_MUSCLE_ADAPTATION,0.6109295199182838,0.5559748427672956,0.48815117466802865,0.5182389937106918
3886,GO_NEGATIVE_REGULATION_OF_RESPONSE_TO_WOUNDING,0.669050051072523,0.5427672955974843,0.4114402451481103,0.5132075471698113
3887,GO_OLFACTORY_BULB_INTERNEURON_DEVELOPMENT,0.5936670071501532,0.5987421383647799,0.4887640449438202,0.5238993710691824
3888,GO_NEGATIVE_REGULATION_OF_MULTICELLULAR_ORGANISMAL_PROCESS,0.7286006128702758,0.5415094339622641,0.5310520939734422,0.5792452830188679
3889,GO_FEMALE_GENITALIA_DEVELOPMENT,0.5847803881511746,0.5069182389937107,0.49570990806945864,0.49056603773584906
3890,GO_NEUROBLAST_PROLIFERATION,0.5638406537282942,0.5459119496855346,0.4866189989785495,0.49056603773584906
3891,GO_ERYTHROSE_4_PHOSPHATE_PHOSPHOENOLPYRUVATE_FAMILY_AMINO_ACID_METABOLIC_PROCESS,0.5574055158324822,0.5289308176100629,0.5,0.5
3892,GO_MIDGUT_DEVELOPMENT,0.5800817160367723,0.5383647798742138,0.49785495403472924,0.5333333333333333
3893,GO_MITOCHONDRION_DISTRIBUTION,0.5529111338100101,0.5622641509433962,0.5,0.5
3894,GO_PEPTIDYL_METHIONINE_MODIFICATION,0.5069458631256384,0.49056603773584906,0.5,0.5
3895,GO_IMMUNOLOGICAL_SYNAPSE_FORMATION,0.5515832482124617,0.5050314465408805,0.4887640449438202,0.49056603773584906
3896,GO_VITAMIN_METABOLIC_PROCESS,0.6433094994892748,0.6333333333333334,0.4747701736465781,0.5037735849056604
3897,GO_MUSCLE_CELL_DEVELOPMENT,0.6871297242083759,0.46163522012578617,0.472829417773238,0.5716981132075472
3898,GO_REGULATION_OF_DEFENSE_RESPONSE_TO_VIRUS_BY_HOST,0.658120531154239,0.5767295597484277,0.4652706843718079,0.6094339622641509
3899,GO_REGULATION_OF_NEURAL_PRECURSOR_CELL_PROLIFERATION,0.6927477017364657,0.6716981132075472,0.4676200204290092,0.5333333333333333
3900,GO_NUCLEOTIDE_SUGAR_BIOSYNTHETIC_PROCESS,0.5308478038815118,0.4811320754716981,0.5,0.5
3901,GO_NEGATIVE_REGULATION_OF_AXONOGENESIS,0.6257405515832483,0.5283018867924528,0.4633299284984678,0.5044025157232704
3902,GO_LEUKOCYTE_MIGRATION_INVOLVED_IN_INFLAMMATORY_RESPONSE,0.5528089887640448,0.49559748427672956,0.4922369765066394,0.5238993710691824
3903,GO_OSTEOCLAST_DIFFERENTIATION,0.6103166496424924,0.5955974842767295,0.478855975485189,0.4716981132075472
3904,GO_CARBOHYDRATE_DERIVATIVE_TRANSPORT,0.5289070480081716,0.5157232704402516,0.4943820224719101,0.49056603773584906
3905,GO_DEFINITIVE_HEMOPOIESIS,0.5404494382022471,0.5238993710691824,0.4871297242083759,0.49056603773584906
3906,GO_RENAL_FILTRATION,0.5533197139938713,0.5893081761006289,0.4858018386108274,0.5144654088050314
3907,GO_LYMPHOCYTE_ACTIVATION_INVOLVED_IN_IMMUNE_RESPONSE,0.6308478038815117,0.610691823899371,0.4370786516853932,0.5314465408805031
3908,GO_POSITIVE_REGULATION_OF_LEUKOCYTE_CHEMOTAXIS,0.6310520939734423,0.5610062893081761,0.48774259448416757,0.5213836477987421
3909,GO_RESPONSE_TO_TUMOR_NECROSIS_FACTOR,0.6603677221654749,0.5572327044025157,0.48692543411644534,0.6735849056603773
3910,GO_POSITIVE_REGULATION_OF_CELL_SUBSTRATE_ADHESION,0.6828396322778344,0.4679245283018868,0.45842696629213486,0.5452830188679245
3911,GO_PROTEIN_ALKYLATION,0.6268641470888661,0.5333333333333333,0.44596527068437186,0.5207547169811321
3912,GO_ATRIOVENTRICULAR_VALVE_MORPHOGENESIS,0.5512768130745659,0.4716981132075472,0.47191011235955055,0.49056603773584906
3913,GO_REGULATION_OF_INTRACELLULAR_TRANSPORT,0.7033707865168539,0.4962264150943396,0.45597548518896835,0.5339622641509434
3914,GO_CARDIAC_CONDUCTION,0.6364657814096017,0.5723270440251573,0.4673135852911134,0.6182389937106918
3915,GO_AORTA_MORPHOGENESIS,0.5633299284984677,0.5389937106918239,0.5,0.5
3916,GO_RESPONSE_TO_ALCOHOL,0.7070480081716036,0.5729559748427673,0.46281920326864145,0.6194968553459119
3917,GO_CELLULAR_HOMEOSTASIS,0.688355464759959,0.620125786163522,0.4517875383043922,0.550314465408805
3918,GO_POSITIVE_REGULATION_OF_MULTICELLULAR_ORGANISM_GROWTH,0.6391215526046986,0.4641509433962264,0.478855975485189,0.4716981132075472
3919,GO_MEMBRANE_LIPID_BIOSYNTHETIC_PROCESS,0.6601634320735444,0.5163522012578616,0.47191011235955055,0.5477987421383648
3920,GO_POSITIVE_REGULATION_OF_DEPHOSPHORYLATION,0.6149131767109295,0.5911949685534591,0.45822267620020435,0.6314465408805031
3921,GO_PROTEIN_INSERTION_INTO_MEMBRANE,0.5303370786516853,0.5584905660377358,0.4887640449438202,0.4811320754716981
3922,GO_ACTIVATION_OF_MAPK_ACTIVITY,0.6586312563840655,0.610691823899371,0.46414708886619005,0.5616352201257861
3923,GO_EMBRYONIC_ORGAN_DEVELOPMENT,0.6953013278855975,0.5031446540880503,0.43544433094994894,0.5559748427672957
3924,GO_POSITIVE_REGULATION_OF_NATURAL_KILLER_CELL_MEDIATED_IMMUNITY,0.5530132788559755,0.5490566037735849,0.4810010214504596,0.5144654088050314
3925,GO_POSITIVE_REGULATION_OF_ORGAN_GROWTH,0.6357507660878448,0.5842767295597484,0.4887640449438202,0.5238993710691824
3926,GO_EPOXYGENASE_P450_PATHWAY,0.6067415730337079,0.5383647798742138,0.5,0.5
3927,GO_MAMMARY_GLAND_DUCT_MORPHOGENESIS,0.5869254341164454,0.5635220125786163,0.4887640449438202,0.5333333333333333
3928,GO_NEGATIVE_REGULATION_OF_ESTABLISHMENT_OF_PROTEIN_LOCALIZATION_TO_PLASMA_MEMBRANE,0.5286006128702757,0.5333333333333333,0.49785495403472924,0.49056603773584906
3929,GO_AMINO_ACID_IMPORT,0.615832482124617,0.540251572327044,0.4922369765066394,0.4811320754716981
3930,GO_IMP_BIOSYNTHETIC_PROCESS,0.5438202247191012,0.5314465408805031,0.5,0.5
3931,GO_POSITIVE_REGULATION_OF_CELL_CYCLE_G1_S_PHASE_TRANSITION,0.5645556690500511,0.5735849056603773,0.46966292134831455,0.46226415094339623
3932,GO_LYMPHOCYTE_APOPTOTIC_PROCESS,0.5740551583248212,0.5144654088050314,0.5,0.5
3933,GO_NEGATIVE_REGULATION_OF_TRANSMEMBRANE_RECEPTOR_PROTEIN_SERINE_THREONINE_KINASE_SIGNALING_PATHWAY,0.6597548518896834,0.5811320754716982,0.4938712972420838,0.5238993710691824
3934,GO_FATTY_ACID_DERIVATIVE_METABOLIC_PROCESS,0.6531154239019408,0.5849056603773585,0.4810010214504597,0.5559748427672956
3935,GO_REGULATION_OF_INTERFERON_ALPHA_PRODUCTION,0.5320735444330951,0.5238993710691824,0.4866189989785495,0.5333333333333333
3936,GO_NEGATIVE_REGULATION_OF_INTERLEUKIN_17_PRODUCTION,0.5481103166496425,0.5289308176100629,0.4943820224719101,0.49056603773584906
3937,GO_GLYCOSYL_COMPOUND_CATABOLIC_PROCESS,0.6112359550561797,0.4716981132075472,0.4810010214504596,0.49056603773584906
3938,GO_PROTEIN_HYDROXYLATION,0.5779366700715015,0.49559748427672956,0.4887640449438202,0.49056603773584906
3939,GO_PEPTIDYL_LYSINE_METHYLATION,0.6404494382022472,0.560377358490566,0.4879468845760981,0.5471698113207547
3940,GO_REGULATION_OF_RESPONSE_TO_TUMOR_CELL,0.5379979570990807,0.5157232704402516,0.4866189989785495,0.5333333333333333
3941,GO_PROTEIN_TETRAMERIZATION,0.6624106230847805,0.6056603773584907,0.4604698672114403,0.4911949685534591
3942,GO_REGULATION_OF_TISSUE_REMODELING,0.5959141981613891,0.5440251572327044,0.45526046986721136,0.5383647798742138
3943,GO_RESPONSE_TO_ISOQUINOLINE_ALKALOID,0.6179775280898877,0.5930817610062893,0.47906026557711945,0.4981132075471698
3944,GO_POSITIVE_REGULATION_OF_PEPTIDYL_SERINE_PHOSPHORYLATION,0.6608784473953013,0.5610062893081761,0.47946884576098053,0.578616352201258
3945,GO_HISTONE_H3_ACETYLATION,0.5934627170582227,0.48867924528301887,0.44831460674157303,0.5050314465408805
3946,GO_ENDOTHELIAL_TUBE_MORPHOGENESIS,0.5802860061287027,0.5383647798742138,0.5,0.5
3947,GO_REGULATION_OF_ANION_TRANSPORT,0.6482124616956076,0.6213836477987422,0.46241062308478037,0.48553459119496856
3948,GO_CELLULAR_RESPONSE_TO_DEXAMETHASONE_STIMULUS,0.570173646578141,0.5477987421383648,0.4850868232890705,0.46226415094339623
3949,GO_NEGATIVE_REGULATION_OF_DNA_REPLICATION,0.5622063329928498,0.4666666666666667,0.4887640449438202,0.49056603773584906
3950,GO_RESPONSE_TO_OSMOTIC_STRESS,0.604187946884576,0.5119496855345912,0.44770173646578143,0.5182389937106918
3951,GO_REGULATION_OF_TRANSCRIPTION_REGULATORY_REGION_DNA_BINDING,0.5537282941777323,0.5238993710691824,0.4922369765066394,0.5333333333333333
3952,GO_POSITIVE_REGULATION_OF_INTERLEUKIN_6_PRODUCTION,0.6379979570990807,0.5924528301886792,0.4783452502553627,0.5339622641509434
3953,GO_RUFFLE_ORGANIZATION,0.5643513789581206,0.539622641509434,0.4922369765066394,0.5238993710691824
3954,GO_DNA_PACKAGING,0.6256384065372831,0.5811320754716981,0.4900919305413687,0.5509433962264151
3955,GO_MUSCLE_CELL_MIGRATION,0.5681307456588356,0.540251572327044,0.4965270684371808,0.5144654088050314
3956,GO_BRANCHING_INVOLVED_IN_SALIVARY_GLAND_MORPHOGENESIS,0.5876404494382023,0.5383647798742138,0.44392236976506644,0.5477987421383648
3957,GO_NEGATIVE_REGULATION_OF_TRANSCRIPTION_FROM_RNA_POLYMERASE_II_PROMOTER,0.6839632277834524,0.5955974842767295,0.520020429009193,0.6408805031446541
3958,GO_SINGLE_ORGANISM_CATABOLIC_PROCESS,0.6429009193054137,0.568553459119497,0.5758937691521961,0.5408805031446542
3959,GO_NEGATIVE_REGULATION_OF_PROTEIN_MATURATION,0.5929519918283963,0.519496855345912,0.46057201225740557,0.6050314465408805
3960,GO_BINDING_OF_SPERM_TO_ZONA_PELLUCIDA,0.5927477017364657,0.4710691823899371,0.48314606741573035,0.5238993710691824
3961,GO_RNA_PHOSPHODIESTER_BOND_HYDROLYSIS_EXONUCLEOLYTIC,0.5202247191011237,0.5157232704402516,0.4767109295199182,0.5144654088050314
3962,GO_ADAPTATION_OF_SIGNALING_PATHWAY,0.5918283963227784,0.5710691823899371,0.49785495403472924,0.49056603773584906
3963,GO_TRANSCYTOSIS,0.587129724208376,0.510062893081761,0.5,0.5
3964,GO_EPITHELIAL_CELL_MATURATION,0.5264555669050051,0.49056603773584906,0.5,0.5
3965,GO_NEGATIVE_REGULATION_OF_GENE_SILENCING,0.5719101123595506,0.5572327044025157,0.5,0.5
3966,GO_REGULATION_OF_CELL_DEVELOPMENT,0.7048008171603677,0.6628930817610063,0.4736465781409602,0.6320754716981132
3967,GO_REGULATION_OF_INTRINSIC_APOPTOTIC_SIGNALING_PATHWAY,0.6567926455566905,0.5635220125786163,0.46108273748723183,0.5716981132075472
3968,GO_ESTABLISHMENT_OF_PROTEIN_LOCALIZATION_TO_PLASMA_MEMBRANE,0.6460674157303371,0.6603773584905661,0.49918283963227783,0.5647798742138365
3969,GO_REGULATION_OF_MEMBRANE_REPOLARIZATION,0.6163432073544433,0.6138364779874214,0.48569969356486214,0.5320754716981132
3970,GO_NEGATIVE_REGULATION_OF_ORGANELLE_ORGANIZATION,0.700715015321757,0.6056603773584905,0.4312563840653728,0.6364779874213836
3971,GO_SNRNA_METABOLIC_PROCESS,0.5671092951991829,0.519496855345912,0.4764044943820225,0.5679245283018868
3972,GO_NEGATIVE_REGULATION_OF_CELL_DIFFERENTIATION,0.6941777323799796,0.5471698113207547,0.5050051072522983,0.4377358490566038
3973,GO_PEPTIDYL_LYSINE_DIMETHYLATION,0.5579162410623085,0.5811320754716981,0.4866189989785495,0.49056603773584906
3974,GO_PROTEIN_IMPORT_INTO_PEROXISOME_MATRIX,0.541164453524004,0.4811320754716981,0.4866189989785495,0.49056603773584906
3975,GO_POSITIVE_REGULATION_OF_ATPASE_ACTIVITY,0.5931562819203268,0.5842767295597484,0.4779366700715015,0.4861635220125786
3976,GO_ESTABLISHMENT_OF_PROTEIN_LOCALIZATION_TO_GOLGI,0.5568947906026558,0.5006289308176101,0.5,0.5
3977,GO_POSITIVE_REGULATION_OF_POTASSIUM_ION_TRANSMEMBRANE_TRANSPORT,0.6078651685393257,0.5767295597484277,0.48845760980592445,0.5811320754716981
3978,GO_LIMBIC_SYSTEM_DEVELOPMENT,0.6957099080694585,0.628930817610063,0.48120531154239016,0.5459119496855346
3979,GO_NEGATIVE_REGULATION_OF_CELL_KILLING,0.5527068437180797,0.4716981132075472,0.4887640449438202,0.4716981132075472
3980,GO_POSITIVE_REGULATION_OF_MONOCYTE_CHEMOTAXIS,0.5307456588355465,0.5572327044025157,0.5,0.5
3981,GO_REGULATION_OF_CELLULAR_PH,0.7132788559754851,0.6044025157232704,0.4738508682328907,0.5874213836477987
3982,GO_NEGATIVE_REGULATION_OF_LEUKOCYTE_DIFFERENTIATION,0.650561797752809,0.6352201257861635,0.48774259448416746,0.5628930817610063
3983,GO_AXIS_ELONGATION,0.5866189989785495,0.5786163522012578,0.49570990806945864,0.5238993710691824
3984,GO_REGULATION_OF_MITOTIC_CELL_CYCLE,0.6909090909090909,0.5628930817610063,0.4771195097037794,0.5886792452830188
3985,GO_CATABOLIC_PROCESS,0.677732379979571,0.5761006289308176,0.49744637385086826,0.6100628930817611
3986,GO_T_CELL_DIFFERENTIATION,0.70755873340143,0.5522012578616352,0.4138917262512768,0.5930817610062893
3987,GO_REGULATION_OF_CATION_CHANNEL_ACTIVITY,0.6846782431052094,0.5855345911949685,0.4642492339121553,0.5635220125786163
3988,GO_POSITIVE_REGULATION_OF_RECEPTOR_RECYCLING,0.5181818181818182,0.5333333333333333,0.5,0.5
3989,GO_RESPONSE_TO_MISFOLDED_PROTEIN,0.5498467824310521,0.5383647798742138,0.4943820224719101,0.49056603773584906
3990,GO_TRANSMEMBRANE_TRANSPORT,0.7002042900919305,0.5446540880503146,0.5324821246169561,0.49433962264150944
3991,GO_REGULATION_OF_GENE_EXPRESSION_EPIGENETIC,0.6997957099080695,0.5672955974842767,0.4601634320735444,0.6056603773584905
3992,GO_NEGATIVE_REGULATION_OF_NEURON_DEATH,0.71511746680286,0.6641509433962265,0.4375893769152196,0.6157232704402515
3993,GO_NEGATIVE_REGULATION_OF_CELLULAR_COMPONENT_ORGANIZATION,0.6967313585291113,0.6566037735849056,0.46455566905005113,0.5666666666666667
3994,GO_DEFENSE_RESPONSE_TO_FUNGUS,0.5674157303370787,0.5779874213836478,0.49785495403472924,0.5238993710691824
3995,GO_RIBONUCLEOSIDE_CATABOLIC_PROCESS,0.5352400408580184,0.48930817610062893,0.49785495403472924,0.5666666666666667
3996,GO_POSITIVE_REGULATION_OF_CHONDROCYTE_DIFFERENTIATION,0.5828396322778344,0.5490566037735849,0.4922369765066394,0.49056603773584906
3997,GO_POSITIVE_REGULATION_OF_PHOSPHATIDYLINOSITOL_3_KINASE_SIGNALING,0.654749744637385,0.5044025157232704,0.4683350357507661,0.6
3998,GO_REGULATION_OF_FILOPODIUM_ASSEMBLY,0.5659856996935648,0.5383647798742138,0.4888661899897855,0.540251572327044
3999,GO_REGULATION_OF_CELL_PROJECTION_SIZE,0.5937691521961185,0.6176100628930817,0.5,0.5
4000,GO_NUCLEAR_TRANSCRIBED_MRNA_CATABOLIC_PROCESS_EXONUCLEOLYTIC,0.5342185903983656,0.5144654088050314,0.5,0.5
4001,GO_NEGATIVE_REGULATION_OF_RYANODINE_SENSITIVE_CALCIUM_RELEASE_CHANNEL_ACTIVITY,0.5202247191011237,0.4716981132075472,0.5,0.5
4002,GO_POSITIVE_REGULATION_OF_NITRIC_OXIDE_SYNTHASE_ACTIVITY,0.6131767109295199,0.5238993710691824,0.49785495403472924,0.4716981132075472
4003,GO_POSITIVE_REGULATION_OF_CELL_CYCLE_PHASE_TRANSITION,0.6015321756894791,0.519496855345912,0.480388151174668,0.5383647798742138
4004,GO_MYELOID_DENDRITIC_CELL_ACTIVATION,0.582635342185904,0.4861635220125786,0.4943820224719101,0.5477987421383648
4005,GO_MESONEPHROS_DEVELOPMENT,0.6241062308478038,0.5182389937106918,0.47763023493360574,0.5270440251572327
4006,GO_EMBRYONIC_HEART_TUBE_MORPHOGENESIS,0.5821246169560776,0.5861635220125786,0.4521961184882533,0.5622641509433962
4007,GO_MESODERMAL_CELL_FATE_COMMITMENT,0.5451481103166497,0.5050314465408805,0.4866189989785495,0.49056603773584906
4008,GO_REGULATION_OF_DENDRITE_DEVELOPMENT,0.6573033707865168,0.5861635220125786,0.41297242083758934,0.5358490566037736
4009,GO_RESPONSE_TO_LIGHT_STIMULUS,0.6734422880490296,0.5610062893081762,0.4525025536261491,0.5477987421383648
4010,GO_UTP_METABOLIC_PROCESS,0.5181818181818182,0.49056603773584906,0.48314606741573035,0.5333333333333333
4011,GO_REGULATION_OF_AXONOGENESIS,0.6700715015321757,0.5955974842767295,0.416241062308478,0.6220125786163522
4012,GO_RIBOSOMAL_SMALL_SUBUNIT_ASSEMBLY,0.5181818181818182,0.4811320754716981,0.5,0.5
4013,GO_REGULATION_OF_ACTIVIN_RECEPTOR_SIGNALING_PATHWAY,0.567211440245148,0.4861635220125786,0.4991828396322778,0.5666666666666667
4014,GO_REGULATION_OF_SYSTEMIC_ARTERIAL_BLOOD_PRESSURE_BY_HORMONE,0.6103166496424923,0.49559748427672956,0.5,0.5
4015,GO_REGULATION_OF_NEUTROPHIL_MIGRATION,0.5657814096016344,0.5226415094339623,0.478855975485189,0.5383647798742138
4016,GO_CELLULAR_RESPONSE_TO_MECHANICAL_STIMULUS,0.6399387129724209,0.5679245283018868,0.48866189989785497,0.5238993710691824
4017,GO_PENTOSE_METABOLIC_PROCESS,0.5181818181818182,0.49056603773584906,0.5,0.5
4018,GO_POSITIVE_REGULATION_OF_DEFENSE_RESPONSE,0.7149131767109296,0.5389937106918239,0.481511746680286,0.6257861635220127
4019,GO_PHAGOCYTOSIS,0.6336057201225741,0.6911949685534592,0.45127681307456596,0.580503144654088
4020,GO_BRANCHING_INVOLVED_IN_MAMMARY_GLAND_DUCT_MORPHOGENESIS,0.5961184882533197,0.5484276729559748,0.4866189989785495,0.5666666666666667
4021,GO_ALKALOID_METABOLIC_PROCESS,0.5597548518896833,0.5572327044025157,0.5,0.5
4022,GO_POSITIVE_REGULATION_OF_OXIDATIVE_STRESS_INDUCED_CELL_DEATH,0.5695607763023494,0.5811320754716981,0.5,0.5
4023,GO_CENTROMERE_COMPLEX_ASSEMBLY,0.59244126659857,0.4767295597484277,0.4810010214504596,0.5477987421383648
4024,GO_POSITIVE_REGULATION_OF_MYELOID_LEUKOCYTE_MEDIATED_IMMUNITY,0.5537282941777323,0.49559748427672956,0.4975485188968335,0.5811320754716981
4025,GO_RRNA_CONTAINING_RIBONUCLEOPROTEIN_COMPLEX_EXPORT_FROM_NUCLEUS,0.5,0.5,0.5,0.5
4026,GO_MITOTIC_SISTER_CHROMATID_COHESION,0.570582226762002,0.5144654088050314,0.4922369765066394,0.5238993710691824
4027,GO_KINETOCHORE_ORGANIZATION,0.5974463738508682,0.48553459119496856,0.49785495403472924,0.4811320754716981
4028,GO_NEGATIVE_REGULATION_OF_GLUCOSE_IMPORT,0.5117466802860061,0.5238993710691824,0.4922369765066394,0.5477987421383648
4029,GO_GLUCOSE_CATABOLIC_PROCESS,0.5818181818181817,0.5289308176100629,0.49785495403472924,0.49056603773584906
4030,GO_REGULATION_OF_MYOBLAST_PROLIFERATION,0.546067415730337,0.5144654088050314,0.4887640449438202,0.49056603773584906
4031,GO_ANTIGEN_PROCESSING_AND_PRESENTATION_OF_ENDOGENOUS_ANTIGEN,0.5637385086823289,0.5226415094339623,0.4866189989785495,0.49559748427672956
4032,GO_REGULATION_OF_CAMP_DEPENDENT_PROTEIN_KINASE_ACTIVITY,0.5,0.5,0.449438202247191,0.49559748427672956
4033,GO_REGULATION_OF_TRANSCRIPTION_INVOLVED_IN_G1_S_TRANSITION_OF_MITOTIC_CELL_CYCLE,0.5629213483146067,0.5811320754716981,0.4740551583248212,0.5062893081761006
4034,GO_POSITIVE_REGULATION_OF_STRIATED_MUSCLE_CELL_DIFFERENTIATION,0.609397344228805,0.5012578616352201,0.4941777323799796,0.5572327044025157
4035,GO_INORGANIC_ION_TRANSMEMBRANE_TRANSPORT,0.7001021450459654,0.5849056603773585,0.46312563840653725,0.5949685534591195
4036,GO_POSITIVE_REGULATION_OF_INSULIN_SECRETION_INVOLVED_IN_CELLULAR_RESPONSE_TO_GLUCOSE_STIMULUS,0.5633299284984679,0.5528301886792453,0.47589376915219617,0.4949685534591195
4037,GO_NEGATIVE_REGULATION_OF_CELL_CYCLE,0.6925434116445353,0.5823899371069183,0.4258426966292135,0.4911949685534591
4038,GO_POSITIVE_REGULATION_OF_CYCLIN_DEPENDENT_PROTEIN_KINASE_ACTIVITY,0.6032686414708887,0.5471698113207547,0.4786516853932585,0.5477987421383648
4039,GO_REGULATION_OF_ALPHA_BETA_T_CELL_PROLIFERATION,0.5297242083758937,0.569811320754717,0.5,0.5
4040,GO_AXONAL_FASCICULATION,0.5704800817160368,0.519496855345912,0.4858018386108274,0.5238993710691824
4041,GO_INTRINSIC_APOPTOTIC_SIGNALING_PATHWAY_IN_RESPONSE_TO_ENDOPLASMIC_RETICULUM_STRESS,0.5529111338100101,0.5433962264150943,0.4861082737487232,0.5314465408805031
4042,GO_REGULATION_OF_CAMP_METABOLIC_PROCESS,0.6535240040858018,0.5628930817610063,0.4598569969356487,0.5471698113207547
4043,GO_REGULATION_OF_DEFENSE_RESPONSE_TO_BACTERIUM,0.555873340143003,0.5811320754716981,0.49785495403472924,0.4811320754716981
4044,GO_POSITIVE_REGULATION_OF_PATHWAY_RESTRICTED_SMAD_PROTEIN_PHOSPHORYLATION,0.5961184882533198,0.5578616352201258,0.4797752808988764,0.5383647798742138
4045,GO_FOLIC_ACID_METABOLIC_PROCESS,0.542288049029622,0.5559748427672956,0.49570990806945864,0.49056603773584906
4046,GO_REGIONALIZATION,0.7109295199182839,0.5672955974842767,0.44351378958120535,0.5610062893081761
4047,GO_CENTRAL_NERVOUS_SYSTEM_DEVELOPMENT,0.7050051072522983,0.6364779874213837,0.4906026557711951,0.6094339622641509
4048,GO_RESPONSE_TO_WATER,0.5638406537282942,0.5157232704402516,0.4970377936670072,0.5333333333333333
4049,GO_REGULATION_OF_CELL_KILLING,0.5948927477017365,0.540251572327044,0.4752808988764045,0.5383647798742138
4050,GO_REGULATION_OF_ORGAN_MORPHOGENESIS,0.6905005107252297,0.560377358490566,0.4284984678243105,0.6402515723270441
4051,GO_REGULATION_OF_CARBOHYDRATE_CATABOLIC_PROCESS,0.5812053115423902,0.5125786163522013,0.47191011235955055,0.5238993710691824
4052,GO_REGULATION_OF_RESPIRATORY_GASEOUS_EXCHANGE,0.5719101123595507,0.5842767295597484,0.4887640449438202,0.5333333333333333
4053,GO_GLYCOSYL_COMPOUND_BIOSYNTHETIC_PROCESS,0.5993871297242084,0.5522012578616352,0.4545454545454546,0.5911949685534591
4054,GO_CELLULAR_GLUCURONIDATION,0.6178753830439224,0.5981132075471698,0.5,0.5
4055,GO_RESPONSE_TO_OXIDATIVE_STRESS,0.7073544433094995,0.5616352201257861,0.46547497446373853,0.5654088050314465
4056,GO_REGULATION_OF_JUN_KINASE_ACTIVITY,0.6015321756894791,0.510062893081761,0.45934627170582226,0.5459119496855346
4057,GO_CEREBELLAR_PURKINJE_CELL_LAYER_DEVELOPMENT,0.6025536261491318,0.5339622641509434,0.47191011235955055,0.5144654088050314
4058,GO_PHOSPHOLIPID_EFFLUX,0.5662921348314607,0.49056603773584906,0.4801838610827375,0.5144654088050314
4059,GO_MUCOPOLYSACCHARIDE_METABOLIC_PROCESS,0.6423901940755874,0.590566037735849,0.47497446373850866,0.5540880503144654
4060,GO_REGULATION_OF_PHOSPHORUS_METABOLIC_PROCESS,0.6986721144024515,0.5308176100628931,0.5002042900919306,0.581132075471698
4061,GO_TRNA_PROCESSING,0.5574055158324821,0.4949685534591195,0.46598569969356485,0.5289308176100629
4062,GO_REGULATION_OF_SYNAPSE_MATURATION,0.5711950970377937,0.5553459119496855,0.4676200204290092,0.5333333333333333
4063,GO_REGULATION_OF_VASCULAR_PERMEABILITY,0.5764044943820225,0.479874213836478,0.4871297242083759,0.49056603773584906
4064,GO_RESPONSE_TO_MECHANICAL_STIMULUS,0.6805924412665987,0.5672955974842767,0.43718079673135846,0.5930817610062893
4065,GO_SUBPALLIUM_DEVELOPMENT,0.6006128702757917,0.5861635220125786,0.4910112359550562,0.4716981132075472
4066,GO_SOMATIC_RECOMBINATION_OF_IMMUNOGLOBULIN_GENE_SEGMENTS,0.5580183861082737,0.4716981132075472,0.46414708886618994,0.5238993710691824
4067,GO_B_CELL_RECEPTOR_SIGNALING_PATHWAY,0.5990806945863126,0.5075471698113208,0.4922369765066394,0.49056603773584906
4068,GO_RECEPTOR_CATABOLIC_PROCESS,0.5446373850868234,0.5157232704402516,0.4943820224719101,0.5333333333333333
4069,GO_PYRIDINE_NUCLEOTIDE_BIOSYNTHETIC_PROCESS,0.5512768130745659,0.49559748427672956,0.4943820224719101,0.4716981132075472
4070,GO_SIGNAL_PEPTIDE_PROCESSING,0.5745658835546477,0.5383647798742138,0.5,0.5
4071,GO_EPITHELIAL_CELL_FATE_COMMITMENT,0.570582226762002,0.5144654088050314,0.48314606741573035,0.5572327044025157
4072,GO_SODIUM_ION_TRANSPORT,0.7154239019407558,0.539622641509434,0.4893769152196118,0.5610062893081761
4073,GO_POSITIVE_REGULATION_OF_INTERLEUKIN_2_BIOSYNTHETIC_PROCESS,0.5478038815117466,0.5477987421383648,0.5,0.5
4074,GO_REGULATION_OF_CGMP_BIOSYNTHETIC_PROCESS,0.6470888661899898,0.48930817610062893,0.4922369765066394,0.49056603773584906
4075,GO_APOPTOTIC_MITOCHONDRIAL_CHANGES,0.5467824310520939,0.49056603773584906,0.4943820224719101,0.49056603773584906
4076,GO_PROTEIN_EXIT_FROM_ENDOPLASMIC_RETICULUM,0.5307456588355465,0.5238993710691824,0.5,0.5
4077,GO_T_CELL_APOPTOTIC_PROCESS,0.5740551583248212,0.5144654088050314,0.5,0.5
4078,GO_RETINOIC_ACID_RECEPTOR_SIGNALING_PATHWAY,0.5579162410623085,0.5088050314465409,0.4844739530132789,0.5333333333333333
4079,GO_REGULATION_OF_NECROPTOTIC_PROCESS,0.5160367722165474,0.5333333333333333,0.4922369765066394,0.5144654088050314
4080,GO_NEGATIVE_REGULATION_OF_HEART_GROWTH,0.5311542390194075,0.5238993710691824,0.4831460674157303,0.5144654088050314
4081,GO_POSITIVE_REGULATION_OF_ASTROCYTE_DIFFERENTIATION,0.5138917262512769,0.49056603773584906,0.4662921348314607,0.5238993710691824
4082,GO_SKELETAL_SYSTEM_MORPHOGENESIS,0.6813074565883555,0.7327044025157233,0.4873340143003065,0.6289308176100629
4083,GO_REGULATION_OF_MULTICELLULAR_ORGANISMAL_METABOLIC_PROCESS,0.5930541368743616,0.5559748427672956,0.4836567926455567,0.6333333333333333
4084,GO_LEUKOTRIENE_METABOLIC_PROCESS,0.5486210418794688,0.6031446540880503,0.4871297242083759,0.4811320754716981
4085,GO_POSITIVE_REGULATION_OF_CHROMOSOME_SEGREGATION,0.541164453524004,0.5050314465408805,0.4866189989785495,0.49056603773584906
4086,GO_RRNA_METHYLATION,0.5034729315628191,0.49056603773584906,0.4922369765066394,0.5238993710691824
4087,GO_GENE_SILENCING_BY_RNA,0.6529111338100103,0.5125786163522013,0.47967313585291116,0.5716981132075472
4088,GO_POSITIVE_REGULATION_OF_TRIGLYCERIDE_METABOLIC_PROCESS,0.5700715015321756,0.5578616352201258,0.4866189989785495,0.4811320754716981
4089,GO_REGULATION_OF_ENDOTHELIAL_CELL_PROLIFERATION,0.6279877425944842,0.5716981132075472,0.47170582226762003,0.4710691823899371
4090,GO_REGULATED_EXOCYTOSIS,0.671297242083759,0.6251572327044025,0.4979570990806946,0.6264150943396227
4091,GO_CELL_CELL_ADHESION_VIA_PLASMA_MEMBRANE_ADHESION_MOLECULES,0.6807967313585293,0.5534591194968553,0.4722165474974464,0.6371069182389937
4092,GO_POSITIVE_REGULATION_OF_NEURON_APOPTOTIC_PROCESS,0.6687436159346272,0.6037735849056604,0.4887640449438202,0.5238993710691824
4093,GO_TEMPERATURE_HOMEOSTASIS,0.6051072522982636,0.5289308176100629,0.5,0.5
4094,GO_EMBRYONIC_CAMERA_TYPE_EYE_FORMATION,0.5921348314606741,0.5647798742138365,0.5,0.5
4095,GO_PROTEIN_O_LINKED_GLYCOSYLATION,0.6217568947906027,0.5283018867924528,0.4943820224719101,0.5610062893081761
4096,GO_PURINERGIC_RECEPTOR_SIGNALING_PATHWAY,0.5845760980592442,0.5238993710691824,0.4866189989785495,0.5238993710691824
4097,GO_NEGATIVE_REGULATION_OF_RECEPTOR_BINDING,0.5251276813074566,0.49056603773584906,0.48314606741573035,0.49056603773584906
4098,GO_POSITIVE_REGULATION_OF_SYNAPTIC_TRANSMISSION_GABAERGIC,0.538508682328907,0.5245283018867924,0.4810010214504596,0.5238993710691824
4099,GO_DOPAMINE_TRANSPORT,0.5899897854954035,0.5050314465408805,0.5,0.5
4100,GO_REGULATION_OF_CALCIUM_ION_TRANSMEMBRANE_TRANSPORTER_ACTIVITY,0.6738508682328908,0.5553459119496855,0.4744637385086823,0.5226415094339623
4101,GO_CIRCULATORY_SYSTEM_DEVELOPMENT,0.6553626149131767,0.5924528301886792,0.5221654749744638,0.5811320754716981
4102,GO_CELLULAR_RESPONSE_TO_VASCULAR_ENDOTHELIAL_GROWTH_FACTOR_STIMULUS,0.6504596527068437,0.5006289308176101,0.4970377936670072,0.5477987421383648
4103,GO_POSITIVE_REGULATION_OF_GLUCONEOGENESIS,0.581511746680286,0.6,0.5,0.5
4104,GO_REGULATION_OF_CELL_PROLIFERATION,0.7348314606741573,0.6226415094339623,0.5088866189989786,0.5754716981132075
4105,GO_EMBRYONIC_CAMERA_TYPE_EYE_DEVELOPMENT,0.6239019407558734,0.5446540880503145,0.4745658835546476,0.5157232704402516
4106,GO_POSITIVE_REGULATION_OF_EXECUTION_PHASE_OF_APOPTOSIS,0.5843718079673136,0.610062893081761,0.4662921348314607,0.5238993710691824
4107,GO_POSITIVE_REGULATION_OF_DNA_TEMPLATED_TRANSCRIPTION_ELONGATION,0.5138917262512769,0.4716981132075472,0.4887640449438202,0.49056603773584906
4108,GO_N_TERMINAL_PROTEIN_AMINO_ACID_MODIFICATION,0.5390194075587335,0.5333333333333333,0.4887640449438202,0.4811320754716981
4109,GO_REGULATION_OF_TYPE_I_INTERFERON_PRODUCTION,0.6642492339121552,0.5283018867924528,0.473953013278856,0.4962264150943396
4110,GO_NUCLEOTIDE_EXCISION_REPAIR_PREINCISION_COMPLEX_STABILIZATION,0.517364657814096,0.5144654088050314,0.4732379979570991,0.49056603773584906
4111,GO_EMBRYONIC_PLACENTA_MORPHOGENESIS,0.5662921348314607,0.519496855345912,0.49785495403472924,0.49056603773584906
4112,GO_DOPAMINE_RECEPTOR_SIGNALING_PATHWAY,0.5971399387129724,0.5591194968553459,0.47538304392236974,0.4528301886792453
4113,GO_REGULATION_OF_ERAD_PATHWAY,0.5375893769152196,0.5144654088050314,0.4887640449438202,0.49056603773584906
4114,GO_BEHAVIOR,0.7277834525025535,0.6345911949685534,0.4805924412665986,0.6012578616352201
4115,GO_CYTOSKELETON_DEPENDENT_INTRACELLULAR_TRANSPORT,0.6307456588355465,0.6094339622641509,0.4587334014300307,0.560377358490566
4116,GO_MANNOSYLATION,0.5526046986721144,0.5572327044025157,0.4649642492339121,0.4811320754716981
4117,GO_DNA_REPLICATION_INDEPENDENT_NUCLEOSOME_ORGANIZATION,0.5456588355464759,0.5289308176100629,0.46976506639427984,0.46226415094339623
4118,GO_AXON_EXTENSION,0.6266598569969357,0.5566037735849056,0.49356486210418793,0.49056603773584906
4119,GO_DERMATAN_SULFATE_METABOLIC_PROCESS,0.5732379979570991,0.5559748427672956,0.49009193054136874,0.5289308176100629
4120,GO_TRIVALENT_INORGANIC_CATION_TRANSPORT,0.5755873340143002,0.5182389937106918,0.4866189989785495,0.5238993710691824
4121,GO_POSITIVE_REGULATION_OF_PROTEIN_TARGETING_TO_MEMBRANE,0.5236976506639428,0.6056603773584905,0.4943820224719101,0.5333333333333333
4122,GO_BILE_ACID_METABOLIC_PROCESS,0.588661899897855,0.5893081761006289,0.47752808988764045,0.5333333333333333
4123,GO_REGULATION_OF_SODIUM_ION_TRANSMEMBRANE_TRANSPORT,0.6096016343207356,0.5522012578616352,0.4906026557711951,0.5238993710691824
4124,GO_INNERVATION,0.6183861082737487,0.5572327044025157,0.49570990806945864,0.49056603773584906
4125,GO_RESPONSE_TO_VIRUS,0.6756894790602656,0.5534591194968553,0.43687436159346277,0.579874213836478
4126,GO_DEVELOPMENTAL_MATURATION,0.6903983656792645,0.5742138364779874,0.4588355464759959,0.5088050314465409
4127,GO_REGULATION_OF_CELLULAR_AMINO_ACID_METABOLIC_PROCESS,0.5822267620020428,0.5735849056603773,0.4943820224719101,0.5238993710691824
4128,GO_ALCOHOL_BIOSYNTHETIC_PROCESS,0.6472931562819204,0.6641509433962265,0.472829417773238,0.5289308176100629
4129,GO_REGULATION_OF_INSULIN_RECEPTOR_SIGNALING_PATHWAY,0.6045965270684371,0.539622641509434,0.4807967313585291,0.5767295597484277
4130,GO_ADIPOSE_TISSUE_DEVELOPMENT,0.6350357507660879,0.5842767295597484,0.4954034729315628,0.519496855345912
4131,GO_PYRIDINE_CONTAINING_COMPOUND_BIOSYNTHETIC_PROCESS,0.5487231869254341,0.5245283018867924,0.4922369765066394,0.5050314465408805
4132,GO_PROTEIN_TARGETING_TO_LYSOSOME,0.5732379979570991,0.5245283018867924,0.4866189989785495,0.49056603773584906
4133,GO_ISOPRENOID_METABOLIC_PROCESS,0.6759959141981615,0.579874213836478,0.46700715015321753,0.5345911949685535
4134,GO_NEGATIVE_REGULATION_OF_SIGNAL_TRANSDUCTION_IN_ABSENCE_OF_LIGAND,0.5937691521961185,0.6050314465408805,0.4922369765066394,0.5477987421383648
4135,GO_RENAL_SYSTEM_PROCESS_INVOLVED_IN_REGULATION_OF_SYSTEMIC_ARTERIAL_BLOOD_PRESSURE,0.6022471910112359,0.5484276729559748,0.4866189989785495,0.5333333333333333
4136,GO_NEGATIVE_REGULATION_OF_PROTEIN_MODIFICATION_PROCESS,0.6866189989785496,0.5257861635220126,0.46680286006128696,0.638993710691824
4137,GO_NEGATIVE_REGULATION_OF_B_CELL_APOPTOTIC_PROCESS,0.5595505617977528,0.4861635220125786,0.5,0.5
4138,GO_RESPONSE_TO_UV_B,0.5697650663942799,0.5433962264150943,0.5,0.5
4139,GO_CELLULAR_RESPONSE_TO_DRUG,0.6594484167517876,0.5540880503144654,0.46700715015321753,0.5339622641509434
4140,GO_REGULATION_OF_RESPONSE_TO_DNA_DAMAGE_STIMULUS,0.6545454545454545,0.519496855345912,0.49009193054136874,0.590566037735849
4141,GO_AUTOPHAGOSOME_ORGANIZATION,0.6065372829417773,0.5389937106918239,0.4810010214504596,0.5238993710691824
4142,GO_POSITIVE_REGULATION_OF_BLOOD_VESSEL_ENDOTHELIAL_CELL_MIGRATION,0.591317671092952,0.5069182389937107,0.46220633299284986,0.5716981132075472
4143,GO_PROTEIN_AUTOPROCESSING,0.5253319713993871,0.4811320754716981,0.478855975485189,0.5911949685534591
4144,GO_ERYTHROCYTE_DEVELOPMENT,0.5564862104187948,0.5572327044025157,0.4732379979570991,0.49056603773584906
4145,GO_CELLULAR_RESPONSE_TO_DNA_DAMAGE_STIMULUS,0.6985699693564861,0.5735849056603773,0.4327885597548519,0.6044025157232705
4146,GO_PHOSPHATIDYLINOSITOL_ACYL_CHAIN_REMODELING,0.5470888661899899,0.5716981132075472,0.5,0.5
4147,GO_POLYOL_BIOSYNTHETIC_PROCESS,0.5613891726251277,0.569811320754717,0.4866189989785495,0.4716981132075472
4148,GO_NEGATIVE_REGULATION_OF_TUMOR_NECROSIS_FACTOR_SUPERFAMILY_CYTOKINE_PRODUCTION,0.6056179775280899,0.540251572327044,0.49356486210418793,0.4716981132075472
4149,GO_ENDODERMAL_CELL_FATE_COMMITMENT,0.5181818181818182,0.5572327044025157,0.48365679264555667,0.49559748427672956
4150,GO_MONOAMINE_TRANSPORT,0.562308478038815,0.5050314465408805,0.4922369765066394,0.49056603773584906
4151,GO_RESPONSE_TO_STARVATION,0.6745658835546475,0.639622641509434,0.4647599591419816,0.5025157232704403
4152,GO_REGULATION_OF_GTPASE_ACTIVITY,0.7165474974463738,0.5773584905660377,0.5382022471910113,0.5320754716981133
4153,GO_POSITIVE_REGULATION_OF_CAMP_MEDIATED_SIGNALING,0.5438202247191011,0.5238993710691824,0.4887640449438202,0.5333333333333333
4154,GO_RESPONSE_TO_REDOX_STATE,0.5261491317671092,0.5433962264150943,0.5,0.5
4155,GO_REGULATION_OF_GLUCONEOGENESIS,0.5772216547497446,0.5911949685534591,0.48845760980592445,0.5050314465408805
4156,GO_POST_EMBRYONIC_DEVELOPMENT,0.6567926455566905,0.5830188679245283,0.45372829417773236,0.5754716981132076
4157,GO_CELLULAR_DEFENSE_RESPONSE,0.5803881511746679,0.6245283018867924,0.452093973442288,0.539622641509434
4158,GO_BIOLOGICAL_ADHESION,0.6667007150153218,0.6352201257861635,0.491317671092952,0.6276729559748427
4159,GO_CORTICAL_CYTOSKELETON_ORGANIZATION,0.612768130745659,0.5823899371069182,0.4943820224719101,0.5333333333333333
4160,GO_HORMONE_METABOLIC_PROCESS,0.6631256384065373,0.520125786163522,0.4808988764044943,0.5427672955974843
4161,GO_RESPONSE_TO_PURINE_CONTAINING_COMPOUND,0.6864147088866189,0.5547169811320755,0.42921348314606744,0.5031446540880503
4162,GO_G_PROTEIN_COUPLED_RECEPTOR_SIGNALING_PATHWAY_COUPLED_TO_CYCLIC_NUCLEOTIDE_SECOND_MESSENGER,0.6051072522982636,0.6421383647798742,0.4416751787538304,0.5119496855345912
4163,GO_UTERUS_DEVELOPMENT,0.5850868232890705,0.4962264150943396,0.4922369765066394,0.49056603773584906
4164,GO_THYROID_GLAND_DEVELOPMENT,0.5757916241062309,0.5113207547169811,0.473953013278856,0.5157232704402516
4165,GO_DNA_REPLICATION,0.6334014300306435,0.5836477987421383,0.42461695607763017,0.5622641509433962
4166,GO_NEURAL_TUBE_PATTERNING,0.6546475995914198,0.620125786163522,0.4879468845760981,0.4811320754716981
4167,GO_RESPONSE_TO_HISTAMINE,0.576608784473953,0.5716981132075472,0.4866189989785495,0.49056603773584906
4168,GO_RESPONSE_TO_MANGANESE_ION,0.5539325842696629,0.5157232704402516,0.4879468845760981,0.49056603773584906
4169,GO_REGULATION_OF_SISTER_CHROMATID_SEGREGATION,0.6586312563840653,0.5358490566037736,0.48488253319714,0.4716981132075472
4170,GO_CELL_CYCLE_PROCESS,0.7066394279877426,0.6270440251572327,0.439632277834525,0.5924528301886792
4171,GO_UNSATURATED_FATTY_ACID_BIOSYNTHETIC_PROCESS,0.6161389172625127,0.6484276729559748,0.47752808988764045,0.49056603773584906
4172,GO_POSITIVE_REGULATION_OF_MUSCLE_CELL_APOPTOTIC_PROCESS,0.5307456588355465,0.5232704402515723,0.4943820224719101,0.49056603773584906
4173,GO_SIALYLATION,0.5654749744637385,0.46729559748427674,0.4941777323799796,0.49559748427672956
4174,GO_REGULATION_OF_GENE_SILENCING,0.575076608784474,0.5383647798742138,0.48314606741573035,0.49056603773584906
4175,GO_POSITIVE_REGULATION_OF_AMINO_ACID_TRANSPORT,0.5537282941777323,0.49559748427672956,0.5,0.5
4176,GO_ENDOCRINE_PROCESS,0.6022471910112359,0.519496855345912,0.4879468845760981,0.5477987421383648
4177,GO_PRIMARY_ALCOHOL_METABOLIC_PROCESS,0.5865168539325843,0.5207547169811321,0.4887640449438202,0.49559748427672956
4178,GO_PLATELET_AGGREGATION,0.5997957099080694,0.5610062893081761,0.4943820224719101,0.5333333333333333
4179,GO_TISSUE_DEVELOPMENT,0.698876404494382,0.5943396226415094,0.5541368743615935,0.60062893081761
4180,GO_RNA_INTERFERENCE,0.5332992849846783,0.5157232704402516,0.4887640449438202,0.5333333333333333
4181,GO_POSITIVE_REGULATION_OF_ESTABLISHMENT_OF_PROTEIN_LOCALIZATION,0.7172625127681307,0.650314465408805,0.45975485188968335,0.5735849056603775
4182,GO_WALKING_BEHAVIOR,0.6699693564862104,0.5817610062893082,0.49785495403472924,0.49056603773584906
4183,GO_REGULATION_OF_TELOMERASE_ACTIVITY,0.614708886618999,0.5371069182389937,0.49325842696629213,0.46226415094339623
4184,GO_REGULATION_OF_CELL_AGING,0.5779366700715015,0.5647798742138365,0.49080694586312557,0.5088050314465409
4185,GO_CELL_GROWTH,0.6874361593462717,0.6176100628930817,0.48406537282941786,0.5968553459119497
4186,GO_COFACTOR_BIOSYNTHETIC_PROCESS,0.6257405515832483,0.619496855345912,0.4978549540347293,0.5477987421383648
4187,GO_LYSINE_METABOLIC_PROCESS,0.5272727272727272,0.5238993710691824,0.5,0.5
4188,GO_NEGATIVE_REGULATION_OF_CHONDROCYTE_DIFFERENTIATION,0.6322778345250255,0.6069182389937107,0.4866189989785495,0.5333333333333333
4189,GO_POSITIVE_REGULATION_OF_AXONOGENESIS,0.6224719101123595,0.5251572327044025,0.4608784473953013,0.6597484276729559
4190,GO_TRANSMEMBRANE_RECEPTOR_PROTEIN_SERINE_THREONINE_KINASE_SIGNALING_PATHWAY,0.6876404494382022,0.6044025157232704,0.4524004085801838,0.6050314465408805
4191,GO_CHAPERONE_MEDIATED_PROTEIN_FOLDING,0.5863125638406537,0.4666666666666667,0.46853932584269664,0.49559748427672956
4192,GO_POSITIVE_REGULATION_OF_STEROID_METABOLIC_PROCESS,0.5643513789581206,0.590566037735849,0.4943820224719101,0.5333333333333333
4193,GO_REGULATION_OF_LYMPHOCYTE_MIGRATION,0.6119509703779367,0.5245283018867924,0.5,0.5
4194,GO_BONE_MATURATION,0.6070480081716036,0.5515723270440251,0.4943820224719101,0.6
4195,GO_CELLULAR_RESPONSE_TO_REACTIVE_OXYGEN_SPECIES,0.6755873340143003,0.5622641509433962,0.47957099080694593,0.4716981132075472
4196,GO_NEGATIVE_REGULATION_OF_CELL_COMMUNICATION,0.7146067415730337,0.5893081761006289,0.42543411644535245,0.5937106918238995
4197,GO_HEMOSTASIS,0.682226762002043,0.5968553459119498,0.46251276813074566,0.5433962264150943
4198,GO_ZYMOGEN_ACTIVATION,0.6402451481103167,0.4710691823899371,0.4379979570990807,0.5591194968553459
4199,GO_AZOLE_TRANSPORT,0.5375893769152196,0.5490566037735849,0.49009193054136874,0.5333333333333333
4200,GO_CELLULAR_MACROMOLECULAR_COMPLEX_ASSEMBLY,0.6975485188968336,0.5754716981132075,0.3999999999999999,0.549685534591195
4201,GO_NEGATIVE_REGULATION_OF_CYTOSOLIC_CALCIUM_ION_CONCENTRATION,0.6470888661899897,0.5710691823899371,0.5,0.5
4202,GO_POSITIVE_REGULATION_OF_PHOSPHATASE_ACTIVITY,0.6410623084780388,0.6050314465408805,0.4756894790602656,0.510062893081761
4203,GO_LYMPHOCYTE_DIFFERENTIATION,0.7134831460674157,0.5182389937106918,0.42042900919305415,0.6333333333333333
4204,GO_REGULATION_OF_POTASSIUM_ION_TRANSPORT,0.6361593462717058,0.610062893081761,0.45852911133810004,0.49559748427672956
4205,GO_CELLULAR_RESPONSE_TO_OXIDATIVE_STRESS,0.6894790602655771,0.6830188679245283,0.4870275791624107,0.5125786163522013
4206,GO_NEURAL_CREST_CELL_DIFFERENTIATION,0.6529111338100102,0.6044025157232704,0.4651685393258427,0.5647798742138365
4207,GO_ACTIVATION_OF_ANAPHASE_PROMOTING_COMPLEX_ACTIVITY,0.5286006128702757,0.5144654088050314,0.4902962206332992,0.5289308176100629
4208,GO_CALCIUM_ION_IMPORT_INTO_CYTOSOL,0.6049029622063329,0.5559748427672956,0.44473953013278855,0.540251572327044
4209,GO_MICROTUBULE_POLYMERIZATION,0.5793667007150153,0.5339622641509434,0.4903983656792646,0.4811320754716981
4210,GO_POSITIVE_REGULATION_OF_MYELINATION,0.5513789581205311,0.5836477987421383,0.5,0.5
4211,GO_SPLICEOSOMAL_SNRNP_ASSEMBLY,0.5326864147088867,0.5289308176100629,0.4943820224719101,0.5333333333333333
4212,GO_OLIGOSACCHARIDE_LIPID_INTERMEDIATE_BIOSYNTHETIC_PROCESS,0.5344228804902961,0.5144654088050314,0.4810010214504596,0.49056603773584906
4213,GO_MONOCYTE_DIFFERENTIATION,0.5424923391215526,0.5238993710691824,0.5,0.5
4214,GO_REGULATION_OF_GONADOTROPIN_SECRETION,0.541164453524004,0.5144654088050314,0.5,0.5
4215,GO_RESPONSE_TO_LAMINAR_FLUID_SHEAR_STRESS,0.5528089887640448,0.5245283018867924,0.4801838610827375,0.5144654088050314
4216,GO_RESPONSE_TO_LEAD_ION,0.617773237997957,0.5427672955974843,0.4922369765066394,0.49056603773584906
4217,GO_DEFENSE_RESPONSE_TO_BACTERIUM,0.6369765066394278,0.5729559748427673,0.43248212461695607,0.5830188679245283
4218,GO_REGULATION_OF_RELEASE_OF_SEQUESTERED_CALCIUM_ION_INTO_CYTOSOL_BY_SARCOPLASMIC_RETICULUM,0.6013278855975486,0.560377358490566,0.48845760980592445,0.5811320754716981
4219,GO_NUCLEOTIDE_SALVAGE,0.5451481103166497,0.5069182389937107,0.49570990806945864,0.5245283018867924
4220,GO_ALCOHOL_CATABOLIC_PROCESS,0.6224719101123596,0.580503144654088,0.4810010214504596,0.4811320754716981
4221,GO_MYELOID_DENDRITIC_CELL_DIFFERENTIATION,0.5433094994892748,0.5238993710691824,0.47538304392236974,0.5333333333333333
4222,GO_CELLULAR_METABOLIC_COMPOUND_SALVAGE,0.5931562819203269,0.4861635220125786,0.4943820224719101,0.5333333333333333
4223,GO_COPULATION,0.5360572012257405,0.5238993710691824,0.4710929519918283,0.5572327044025157
4224,GO_REGULATION_OF_CATION_TRANSMEMBRANE_TRANSPORT,0.7021450459652707,0.5610062893081761,0.45638406537282944,0.6044025157232704
4225,GO_REGULATION_OF_VIRAL_RELEASE_FROM_HOST_CELL,0.5606741573033708,0.4811320754716981,0.48314606741573035,0.5238993710691824
4226,GO_NEPHRIC_DUCT_MORPHOGENESIS,0.5542390194075586,0.5383647798742138,0.47803881511746676,0.5144654088050314
4227,GO_POSITIVE_REGULATION_OF_NF_KAPPAB_IMPORT_INTO_NUCLEUS,0.5854954034729315,0.48930817610062893,0.4879468845760981,0.49056603773584906
4228,GO_POSITIVE_REGULATION_OF_NEURON_PROJECTION_DEVELOPMENT,0.6711950970377938,0.5798742138364781,0.4349336057201226,0.5817610062893082
4229,GO_ESTROGEN_METABOLIC_PROCESS,0.5382022471910113,0.5371069182389937,0.4732379979570991,0.5238993710691824
4230,GO_IRON_ION_HOMEOSTASIS,0.5733401430030644,0.5169811320754717,0.478855975485189,0.5050314465408805
4231,GO_PROTEOLYSIS,0.7249233912155261,0.6270440251572327,0.4575076608784474,0.5742138364779874
4232,GO_SYNAPSIS,0.6016343207354443,0.5786163522012578,0.48488253319714,0.5144654088050314
4233,GO_ORGANELLE_DISASSEMBLY,0.6871297242083758,0.5823899371069183,0.43381001021450455,0.6157232704402515
4234,GO_REGULATION_OF_ER_TO_GOLGI_VESICLE_MEDIATED_TRANSPORT,0.5568947906026558,0.5006289308176101,0.4943820224719101,0.4811320754716981
4235,GO_RESPONSE_TO_IRON_ION,0.5892747701736466,0.5716981132075472,0.49785495403472924,0.49056603773584906
4236,GO_PHOSPHATIDYLINOSITOL_3_KINASE_SIGNALING,0.5797752808988763,0.5132075471698113,0.47191011235955055,0.5238993710691824
4237,GO_LOCOMOTORY_EXPLORATION_BEHAVIOR,0.5646578140960163,0.5735849056603773,0.49785495403472924,0.4716981132075472
4238,GO_PYRIMIDINE_CONTAINING_COMPOUND_BIOSYNTHETIC_PROCESS,0.5505617977528091,0.4861635220125786,0.46853932584269664,0.5578616352201258
4239,GO_NUCLEAR_CHROMOSOME_SEGREGATION,0.6563840653728295,0.7006289308176101,0.44821246169560774,0.580503144654088
4240,GO_AUDITORY_RECEPTOR_CELL_MORPHOGENESIS,0.561899897854954,0.5433962264150943,0.47752808988764045,0.5144654088050314
4241,GO_REGULATION_OF_ODONTOGENESIS_OF_DENTIN_CONTAINING_TOOTH,0.5286006128702757,0.5572327044025157,0.47191011235955055,0.49056603773584906
4242,GO_REGULATION_OF_WNT_SIGNALING_PATHWAY_PLANAR_CELL_POLARITY_PATHWAY,0.537691521961185,0.4716981132075472,0.4866189989785495,0.4811320754716981
4243,GO_NEUROTROPHIN_SIGNALING_PATHWAY,0.5458631256384064,0.5647798742138365,0.449438202247191,0.49559748427672956
4244,GO_CELLULAR_RESPONSE_TO_INTERFERON_BETA,0.5355464759959141,0.5477987421383648,0.478855975485189,0.5572327044025157
4245,GO_MITOCHONDRIAL_ELECTRON_TRANSPORT_CYTOCHROME_C_TO_OXYGEN,0.5034729315628191,0.4811320754716981,0.49785495403472924,0.49056603773584906
4246,GO_NEGATIVE_REGULATION_OF_VIRAL_TRANSCRIPTION,0.5195097037793667,0.49056603773584906,0.4823289070480081,0.5144654088050314
4247,GO_FILOPODIUM_ASSEMBLY,0.5424923391215527,0.5125786163522013,0.4932584269662922,0.5383647798742138
4248,GO_RESPONSE_TO_TOPOLOGICALLY_INCORRECT_PROTEIN,0.6511746680286006,0.4861635220125786,0.45291113381001014,0.5125786163522013
4249,GO_STABILIZATION_OF_MEMBRANE_POTENTIAL,0.5459652706843718,0.5572327044025157,0.478855975485189,0.4811320754716981
4250,GO_ERK1_AND_ERK2_CASCADE,0.5404494382022472,0.5138364779874214,0.4866189989785495,0.5333333333333333
4251,GO_LENS_FIBER_CELL_DEVELOPMENT,0.5980592441266598,0.5918238993710692,0.49785495403472924,0.5238993710691824
4252,GO_SYNCYTIUM_FORMATION,0.6088866189989786,0.6138364779874214,0.48283963227783444,0.4861635220125786
4253,GO_POSITIVE_REGULATION_OF_MESONEPHROS_DEVELOPMENT,0.5499489274770174,0.5144654088050314,0.49570990806945864,0.49056603773584906
4254,GO_GLYCOSIDE_METABOLIC_PROCESS,0.5678243105209398,0.5490566037735849,0.4810010214504596,0.5238993710691824
4255,GO_HYDROGEN_ION_TRANSMEMBRANE_TRANSPORT,0.6584269662921348,0.5182389937106918,0.4670071501532176,0.4981132075471698
4256,GO_HETEROTYPIC_CELL_CELL_ADHESION,0.6119509703779367,0.5062893081761006,0.4927477017364658,0.5289308176100629
4257,GO_NEGATIVE_REGULATION_OF_HOMOTYPIC_CELL_CELL_ADHESION,0.6530132788559755,0.6383647798742138,0.47191011235955055,0.4716981132075472
4258,GO_REGULATION_OF_SMOOTH_MUSCLE_CELL_APOPTOTIC_PROCESS,0.5404494382022472,0.569811320754717,0.49785495403472924,0.49056603773584906
4259,GO_PROSTANOID_BIOSYNTHETIC_PROCESS,0.5448416751787539,0.5823899371069182,0.4879468845760981,0.49056603773584906
4260,GO_POSITIVE_REGULATION_OF_ERAD_PATHWAY,0.517364657814096,0.5333333333333333,0.4887640449438202,0.49056603773584906
4261,GO_CENTROSOME_LOCALIZATION,0.5789581205311544,0.5691823899371069,0.5,0.5
4262,GO_ASTROCYTE_DEVELOPMENT,0.5818181818181818,0.5427672955974843,0.4925434116445352,0.4716981132075472
4263,GO_RESPONSE_TO_MONOAMINE,0.6025536261491317,0.5735849056603773,0.4887640449438202,0.4811320754716981
4264,GO_TYROSINE_PHOSPHORYLATION_OF_STAT_PROTEIN,0.5398365679264555,0.5333333333333333,0.4866189989785495,0.5238993710691824
4265,GO_METAPHASE_PLATE_CONGRESSION,0.5768130745658836,0.510062893081761,0.46414708886618994,0.5238993710691824
4266,GO_POSITIVE_REGULATION_OF_MYELOID_LEUKOCYTE_DIFFERENTIATION,0.5891726251276813,0.5031446540880503,0.48314606741573035,0.49056603773584906
4267,GO_POSITIVE_REGULATION_OF_APOPTOTIC_SIGNALING_PATHWAY,0.6847803881511746,0.5716981132075472,0.4931562819203269,0.540251572327044
4268,GO_POSITIVE_REGULATION_OF_NFAT_PROTEIN_IMPORT_INTO_NUCLEUS,0.5915219611848825,0.6050314465408805,0.4887640449438202,0.49056603773584906
4269,GO_CELLULAR_RESPONSE_TO_ABIOTIC_STIMULUS,0.6840653728294178,0.5591194968553459,0.4474974463738509,0.5320754716981132
4270,GO_RESPONSE_TO_HYDROGEN_PEROXIDE,0.6367722165474975,0.5811320754716981,0.4808988764044943,0.5238993710691824
4271,GO_REGULATION_OF_DEVELOPMENTAL_PIGMENTATION,0.5818181818181817,0.529559748427673,0.4887640449438202,0.46226415094339623
4272,GO_EXTRACELLULAR_FIBRIL_ORGANIZATION,0.6050051072522982,0.539622641509434,0.5,0.5
4273,GO_NEGATIVE_REGULATION_OF_STRIATED_MUSCLE_CELL_APOPTOTIC_PROCESS,0.585291113381001,0.5540880503144654,0.49570990806945864,0.5333333333333333
4274,GO_RIBONUCLEOSIDE_DIPHOSPHATE_METABOLIC_PROCESS,0.624923391215526,0.48553459119496856,0.4866189989785495,0.5666666666666667
4275,GO_POSITIVE_REGULATION_OF_ANION_TRANSPORT,0.6525025536261491,0.5987421383647799,0.49570990806945864,0.5238993710691824
4276,GO_INNER_EAR_RECEPTOR_CELL_DEVELOPMENT,0.6150153217568948,0.6144654088050314,0.47752808988764045,0.5144654088050314
4277,GO_REGULATION_OF_MONOCYTE_CHEMOTAXIS,0.5681307456588356,0.5490566037735849,0.5,0.5
4278,GO_PEPTIDE_TRANSPORT,0.6013278855975486,0.5320754716981132,0.463023493360572,0.5528301886792453
4279,GO_T_CELL_SELECTION,0.6246169560776302,0.5880503144654088,0.4758937691521961,0.5389937106918239
4280,GO_NEGATIVE_CHEMOTAXIS,0.6138917262512767,0.6025157232704402,0.49816138917262504,0.5050314465408805
4281,GO_PHAGOCYTOSIS_RECOGNITION,0.5342185903983656,0.590566037735849,0.47538304392236974,0.5238993710691824
4282,GO_MISFOLDED_OR_INCOMPLETELY_SYNTHESIZED_PROTEIN_CATABOLIC_PROCESS,0.5517875383043922,0.5144654088050314,0.4943820224719101,0.49056603773584906
4283,GO_RESPONSE_TO_MOLECULE_OF_BACTERIAL_ORIGIN,0.693973442288049,0.5685534591194968,0.4676200204290092,0.6345911949685535
4284,GO_POST_EMBRYONIC_ORGAN_DEVELOPMENT,0.616956077630235,0.5955974842767295,0.4866189989785495,0.49056603773584906
4285,GO_DEVELOPMENTAL_GROWTH,0.703370786516854,0.6125786163522012,0.4449438202247191,0.5088050314465409
4286,GO_REGULATION_OF_PROTEIN_TARGETING,0.7172625127681308,0.5893081761006289,0.4367722165474975,0.5477987421383648
4287,GO_THYROID_HORMONE_GENERATION,0.5506639427987743,0.5622641509433962,0.5,0.5
4288,GO_REGULATION_OF_SYSTEMIC_ARTERIAL_BLOOD_PRESSURE_MEDIATED_BY_A_CHEMICAL_SIGNAL,0.6000000000000001,0.5308176100628931,0.48621041879468846,0.5477987421383648
4289,GO_CENTRAL_NERVOUS_SYSTEM_NEURON_AXONOGENESIS,0.6110316649642493,0.6295597484276729,0.4922369765066394,0.5144654088050314
4290,GO_V_D_J_RECOMBINATION,0.5907048008171604,0.5955974842767295,0.48314606741573035,0.49056603773584906
4291,GO_METANEPHROS_MORPHOGENESIS,0.597344228804903,0.5622641509433962,0.4887640449438202,0.5333333333333333
4292,GO_GLYCOPROTEIN_METABOLIC_PROCESS,0.7244126659856998,0.6150943396226415,0.48049029622063333,0.4729559748427673
4293,GO_POSITIVE_REGULATION_OF_GLUCOSE_IMPORT_IN_RESPONSE_TO_INSULIN_STIMULUS,0.5489274770173647,0.5238993710691824,0.48314606741573035,0.49056603773584906
4294,GO_SINGLE_ORGANISM_CELLULAR_LOCALIZATION,0.6821246169560777,0.6698113207547168,0.4547497446373851,0.5716981132075472
4295,GO_RETINA_MORPHOGENESIS_IN_CAMERA_TYPE_EYE,0.6470888661899897,0.6062893081761006,0.4762002042900919,0.6056603773584905
4296,GO_ANTIGEN_PROCESSING_AND_PRESENTATION_OF_ENDOGENOUS_PEPTIDE_ANTIGEN,0.5606741573033708,0.5289308176100629,0.49785495403472924,0.5238993710691824
4297,GO_HISTONE_H3_DEACETYLATION,0.5486210418794689,0.519496855345912,0.5,0.5
4298,GO_REGULATION_OF_SYNAPTIC_VESICLE_TRANSPORT,0.5621041879468845,0.5333333333333333,0.47538304392236974,0.5238993710691824
4299,GO_POSITIVE_REGULATION_OF_CARDIAC_MUSCLE_CELL_DIFFERENTIATION,0.587946884576098,0.5716981132075472,0.5,0.5
4300,GO_REGULATION_OF_DNA_TEMPLATED_TRANSCRIPTION_ELONGATION,0.5338100102145046,0.519496855345912,0.4887640449438202,0.49056603773584906
4301,GO_LENS_DEVELOPMENT_IN_CAMERA_TYPE_EYE,0.5819203268641471,0.4861635220125786,0.5,0.5
4302,GO_NEGATIVE_REGULATION_OF_CATABOLIC_PROCESS,0.6811031664964249,0.5930817610062893,0.4863125638406537,0.6433962264150943
4303,GO_REGULATION_OF_OXIDATIVE_STRESS_INDUCED_INTRINSIC_APOPTOTIC_SIGNALING_PATHWAY,0.6174668028600613,0.5647798742138365,0.4922369765066394,0.46226415094339623
4304,GO_POSITIVE_REGULATION_OF_MACROPHAGE_DIFFERENTIATION,0.5342185903983656,0.49056603773584906,0.4922369765066394,0.5333333333333333
4305,GO_REGULATION_OF_RESPONSE_TO_REACTIVE_OXYGEN_SPECIES,0.5975485188968336,0.5867924528301887,0.5,0.5
4306,GO_NEGATIVE_REGULATION_OF_INTRACELLULAR_TRANSPORT,0.6667007150153218,0.5924528301886792,0.48753830439223694,0.5364779874213838
4307,GO_VASCULAR_PROCESS_IN_CIRCULATORY_SYSTEM,0.6374872318692545,0.6408805031446542,0.43391215526046983,0.5628930817610063
4308,GO_MULTI_ORGANISM_BEHAVIOR,0.6117466802860062,0.559748427672956,0.4751787538304393,0.5207547169811321
4309,GO_REGULATION_OF_BICELLULAR_TIGHT_JUNCTION_ASSEMBLY,0.5312563840653728,0.5477987421383648,0.5,0.5
4310,GO_DNA_METABOLIC_PROCESS,0.6876404494382022,0.5748427672955976,0.45474974463738504,0.5786163522012578
4311,GO_INTESTINAL_ABSORPTION,0.6088866189989786,0.48742138364779874,0.4810010214504596,0.5333333333333333
4312,GO_MALE_SEX_DIFFERENTIATION,0.6470888661899898,0.5628930817610064,0.5,0.5
4313,GO_REGULATION_OF_SKELETAL_MUSCLE_CELL_PROLIFERATION,0.5125638406537283,0.49056603773584906,0.4638406537282942,0.5716981132075472
4314,GO_NEGATIVE_REGULATION_OF_KERATINOCYTE_PROLIFERATION,0.5470888661899898,0.5578616352201258,0.4732379979570991,0.5238993710691824
4315,GO_LAMELLIPODIUM_ASSEMBLY,0.5804902962206333,0.5421383647798742,0.45495403472931556,0.590566037735849
4316,GO_RESPONSE_TO_WATER_DEPRIVATION,0.5312563840653729,0.4811320754716981,0.5,0.5
4317,GO_MITOTIC_CHROMOSOME_CONDENSATION,0.5581205311542391,0.5691823899371069,0.4970377936670072,0.49056603773584906
4318,GO_ANATOMICAL_STRUCTURE_HOMEOSTASIS,0.6994892747701735,0.49245283018867925,0.4250255362614913,0.4817610062893082
4319,GO_REGULATION_OF_TRANSMEMBRANE_TRANSPORT,0.723391215526047,0.6251572327044026,0.49795709908069463,0.5459119496855346
4320,GO_REGULATION_OF_EPITHELIAL_TO_MESENCHYMAL_TRANSITION,0.6405515832482125,0.6641509433962264,0.48498467824310526,0.48050314465408805
4321,GO_DNA_ALKYLATION,0.6405515832482125,0.5452830188679245,0.4751787538304392,0.49559748427672956
4322,GO_POSITIVE_REGULATION_OF_TRANSCRIPTION_FROM_RNA_POLYMERASE_II_PROMOTER_IN_RESPONSE_TO_ENDOPLASMIC_RETICULUM_STRESS,0.561491317671093,0.4716981132075472,0.49785495403472924,0.4811320754716981
4323,GO_RENAL_SYSTEM_PROCESS,0.6921348314606741,0.628930817610063,0.46772216547497447,0.5647798742138365
4324,GO_LEUKOCYTE_HOMEOSTASIS,0.642288049029622,0.5792452830188679,0.4559754851889684,0.5553459119496855
4325,GO_POSITIVE_REGULATION_OF_ORGANELLE_ASSEMBLY,0.6106230847803881,0.5635220125786163,0.46823289070480084,0.5893081761006289
4326,GO_LUNG_ALVEOLUS_DEVELOPMENT,0.5902962206332993,0.47861635220125787,0.4823289070480081,0.4811320754716981
4327,GO_PROGESTERONE_METABOLIC_PROCESS,0.5104187946884576,0.5578616352201258,0.48314606741573035,0.5333333333333333
4328,GO_SPLEEN_DEVELOPMENT,0.632073544433095,0.5610062893081761,0.47477017364657814,0.48867924528301887
4329,GO_RHO_PROTEIN_SIGNAL_TRANSDUCTION,0.6081716036772217,0.6465408805031446,0.478855975485189,0.5572327044025157
4330,GO_RESPONSE_TO_LEPTIN,0.5593462717058222,0.5050314465408805,0.4921348314606741,0.4811320754716981
4331,GO_NEUROPEPTIDE_SIGNALING_PATHWAY,0.6496424923391215,0.48427672955974843,0.46118488253319717,0.4716981132075472
4332,GO_ACTIVATION_OF_PROTEIN_KINASE_A_ACTIVITY,0.5536261491317671,0.5050314465408805,0.4887640449438202,0.49056603773584906
4333,GO_POSITIVE_REGULATION_OF_VASCULAR_ENDOTHELIAL_GROWTH_FACTOR_PRODUCTION,0.5756894790602655,0.5289308176100629,0.4651685393258427,0.5050314465408805
4334,GO_AMP_METABOLIC_PROCESS,0.5181818181818182,0.5333333333333333,0.49785495403472924,0.5666666666666667
4335,GO_DEVELOPMENT_OF_PRIMARY_SEXUAL_CHARACTERISTICS,0.6964249233912156,0.6037735849056604,0.43033707865168536,0.5377358490566038
4336,GO_NEGATIVE_REGULATION_OF_OSTEOCLAST_DIFFERENTIATION,0.5642492339121552,0.5842767295597484,0.478855975485189,0.5572327044025157
4337,GO_REGULATION_OF_RNA_SPLICING,0.5848825331971399,0.6157232704402515,0.46404494382022465,0.46226415094339623
4338,GO_REGULATION_OF_BLOOD_CIRCULATION,0.662614913176711,0.6138364779874214,0.46189989785495394,0.6452830188679246
4339,GO_NEGATIVE_REGULATION_OF_MITOCHONDRION_ORGANIZATION,0.5747701736465781,0.6088050314465409,0.48314606741573035,0.5333333333333333
4340,GO_NEGATIVE_REGULATION_OF_SUBSTRATE_ADHESION_DEPENDENT_CELL_SPREADING,0.5324821246169561,0.4811320754716981,0.4866189989785495,0.49056603773584906
4341,GO_EMBRYONIC_CRANIAL_SKELETON_MORPHOGENESIS,0.6617977528089888,0.560377358490566,0.4417773237997957,0.530188679245283
4342,GO_CELLULAR_PROTEIN_COMPLEX_LOCALIZATION,0.5467824310520939,0.4716981132075472,0.4866189989785495,0.49056603773584906
4343,GO_CELLULAR_RESPONSE_TO_GONADOTROPIN_STIMULUS,0.579979570990807,0.6238993710691824,0.4943820224719101,0.49056603773584906
4344,GO_REGULATION_OF_HISTONE_H3_K9_ACETYLATION,0.5623084780388151,0.5490566037735849,0.4991828396322778,0.5333333333333333
4345,GO_INTRACELLULAR_ESTROGEN_RECEPTOR_SIGNALING_PATHWAY,0.5700715015321757,0.5622641509433962,0.5,0.5
4346,GO_NEGATIVE_REGULATION_OF_DNA_DAMAGE_RESPONSE_SIGNAL_TRANSDUCTION_BY_P53_CLASS_MEDIATOR,0.5636363636363636,0.5572327044025157,0.5,0.5
4347,GO_CARDIAC_CELL_DEVELOPMENT,0.6485188968335037,0.569811320754717,0.49468845760980595,0.4710691823899371
4348,GO_REGULATION_OF_EXECUTION_PHASE_OF_APOPTOSIS,0.5633299284984679,0.5559748427672956,0.4991828396322778,0.49056603773584906
4349,GO_RESPONSE_TO_CALCIUM_ION,0.6412665985699693,0.5452830188679245,0.46721144024514805,0.5924528301886793
4350,GO_NEGATIVE_REGULATION_OF_FATTY_ACID_METABOLIC_PROCESS,0.5722165474974464,0.5509433962264151,0.4943820224719101,0.5333333333333333
4351,GO_REGULATION_OF_INTERLEUKIN_12_PRODUCTION,0.5949948927477017,0.5591194968553459,0.48426966292134827,0.5635220125786163
4352,GO_POSITIVE_REGULATION_OF_ALPHA_BETA_T_CELL_ACTIVATION,0.6379979570990806,0.5515723270440251,0.48314606741573035,0.46226415094339623
4353,GO_REGULATION_OF_TRANSCRIPTION_INITIATION_FROM_RNA_POLYMERASE_II_PROMOTER,0.5337078651685392,0.5144654088050314,0.4853932584269663,0.5050314465408805
4354,GO_POSITIVE_REGULATION_OF_CYTOSOLIC_CALCIUM_ION_CONCENTRATION_INVOLVED_IN_PHOSPHOLIPASE_C_ACTIVATING_G_PROTEIN_COUPLED_SIGNALING_PATHWAY,0.61511746680286,0.6069182389937107,0.5,0.5
4355,GO_INNER_EAR_MORPHOGENESIS,0.6669050051072524,0.5446540880503145,0.4844739530132789,0.49056603773584906
4356,GO_RESPONSE_TO_ACTIVITY,0.6308478038815117,0.49056603773584906,0.49570990806945864,0.5050314465408805
4357,GO_ESTROUS_CYCLE,0.595812053115424,0.5289308176100629,0.49009193054136874,0.5477987421383648
4358,GO_ORGANELLE_FUSION,0.6194075587334015,0.4540880503144654,0.47916241062308484,0.5477987421383648
4359,GO_REGULATION_OF_PROTEIN_PHOSPHATASE_TYPE_2A_ACTIVITY,0.5251276813074566,0.4811320754716981,0.4887640449438202,0.5333333333333333
4360,GO_STEROID_CATABOLIC_PROCESS,0.6074565883554647,0.5213836477987421,0.47752808988764045,0.5333333333333333
4361,GO_REGULATION_OF_CELL_FATE_COMMITMENT,0.5502553626149133,0.5666666666666667,0.4879468845760981,0.5238993710691824
4362,GO_REGULATION_OF_CELL_MORPHOGENESIS,0.6978549540347293,0.6553459119496855,0.45720122574055155,0.5415094339622641
4363,GO_DNA_DAMAGE_RESPONSE_SIGNAL_TRANSDUCTION_RESULTING_IN_TRANSCRIPTION,0.5606741573033707,0.6245283018867924,0.4844739530132789,0.5333333333333333
4364,GO_ACUTE_PHASE_RESPONSE,0.5969356486210419,0.5069182389937107,0.49581205311542387,0.5150943396226415
4365,GO_POSITIVE_REGULATION_OF_INSULIN_LIKE_GROWTH_FACTOR_RECEPTOR_SIGNALING_PATHWAY,0.5251276813074566,0.4811320754716981,0.5,0.5
4366,GO_NEGATIVE_REGULATION_OF_PROTEIN_SERINE_THREONINE_KINASE_ACTIVITY,0.6382022471910114,0.5786163522012578,0.47221654749744635,0.48930817610062893
4367,GO_S_ADENOSYLHOMOCYSTEINE_METABOLIC_PROCESS,0.5502553626149133,0.5578616352201258,0.5,0.5
4368,GO_CELLULAR_RESPONSE_TO_ALKALOID,0.6378958120531155,0.5823899371069182,0.49080694586312557,0.5490566037735849
4369,GO_NEGATIVE_REGULATION_OF_PEPTIDASE_ACTIVITY,0.6711950970377937,0.5792452830188679,0.443003064351379,0.6471698113207548
4370,GO_MYOBLAST_FUSION,0.6215526046986721,0.5679245283018868,0.49009193054136874,0.5238993710691824
4371,GO_TRNA_MODIFICATION,0.5673135852911134,0.5264150943396226,0.47752808988764045,0.5238993710691824
4372,GO_CYTOSOLIC_TRANSPORT,0.6453524004085802,0.5924528301886792,0.4758937691521961,0.5584905660377358
4373,GO_INOSITOL_LIPID_MEDIATED_SIGNALING,0.695812053115424,0.6213836477987421,0.46772216547497447,0.5792452830188679
4374,GO_POSITIVE_REGULATION_OF_ACTIN_FILAMENT_DEPOLYMERIZATION,0.5649642492339122,0.5157232704402516,0.5,0.5
4375,GO_DNA_CATABOLIC_PROCESS_ENDONUCLEOLYTIC,0.5195097037793667,0.5238993710691824,0.4866189989785495,0.49056603773584906
4376,GO_POSITIVE_REGULATION_OF_GLIOGENESIS,0.5515832482124617,0.5647798742138365,0.4887640449438202,0.5333333333333333
4377,GO_LACTATION,0.6039836567926455,0.5779874213836478,0.4823289070480081,0.5666666666666667
4378,GO_NEGATIVE_REGULATION_OF_RESPONSE_TO_EXTERNAL_STIMULUS,0.7031664964249233,0.5679245283018868,0.47160367722165475,0.620125786163522
4379,GO_REGULATION_OF_NUCLEAR_TRANSCRIBED_MRNA_CATABOLIC_PROCESS_DEADENYLATION_DEPENDENT_DECAY,0.5229826353421858,0.519496855345912,0.4991828396322778,0.5238993710691824
4380,GO_REGULATION_OF_NEUTROPHIL_CHEMOTAXIS,0.5481103166496425,0.5289308176100629,0.49009193054136874,0.5050314465408805
4381,GO_MRNA_TRANSCRIPTION_FROM_RNA_POLYMERASE_II_PROMOTER,0.5552604698672113,0.5647798742138365,0.49570990806945864,0.5050314465408805
4382,GO_EMBRYO_IMPLANTATION,0.6241062308478039,0.5138364779874214,0.5042900919305414,0.48050314465408805
4383,GO_RECEPTOR_CLUSTERING,0.5946884576098059,0.4981132075471698,0.4575076608784474,0.5421383647798742
4384,GO_PIGMENT_ACCUMULATION,0.5312563840653728,0.6050314465408805,0.5,0.5
4385,GO_FATTY_ACID_ELONGATION,0.5433094994892748,0.49056603773584906,0.5,0.5
4386,GO_CYTOSKELETON_DEPENDENT_CYTOKINESIS,0.5716036772216547,0.5817610062893082,0.49009193054136874,0.49559748427672956
4387,GO_QUINONE_METABOLIC_PROCESS,0.537691521961185,0.5383647798742138,0.4810010214504596,0.5238993710691824
4388,GO_FLUID_TRANSPORT,0.5878447395301328,0.5540880503144654,0.4922369765066394,0.49056603773584906
4389,GO_SYNAPSE_ASSEMBLY,0.6630234933605719,0.5880503144654088,0.4577119509703779,0.6251572327044025
4390,GO_PIGMENT_METABOLIC_PROCESS,0.6058222676200204,0.5471698113207547,0.4943820224719101,0.5238993710691824
4391,GO_IMMUNE_EFFECTOR_PROCESS,0.685291113381001,0.5257861635220126,0.44759959141981615,0.6911949685534591
4392,GO_ODONTOGENESIS,0.6629213483146067,0.6050314465408806,0.4483146067415731,0.529559748427673
4393,GO_CORPUS_CALLOSUM_DEVELOPMENT,0.5699693564862104,0.5245283018867924,0.4943820224719101,0.5333333333333333
4394,GO_REGULATION_OF_SYNAPTIC_TRANSMISSION_DOPAMINERGIC,0.5768130745658835,0.5528301886792453,0.48835546475995917,0.49056603773584906
4395,GO_POSITIVE_REGULATION_OF_CELL_MORPHOGENESIS_INVOLVED_IN_DIFFERENTIATION,0.6088866189989786,0.5276729559748428,0.48263534218590387,0.5792452830188679
4396,GO_POSITIVE_REGULATION_OF_SODIUM_ION_TRANSMEMBRANE_TRANSPORTER_ACTIVITY,0.5732379979570991,0.4767295597484277,0.49570990806945864,0.49056603773584906
4397,GO_NUCLEOBASE_BIOSYNTHETIC_PROCESS,0.5510725229826353,0.5050314465408805,0.5,0.5
4398,GO_NEGATIVE_REGULATION_OF_LYMPHOCYTE_DIFFERENTIATION,0.5403472931562819,0.5144654088050314,0.49570990806945864,0.5238993710691824
4399,GO_GOLGI_ORGANIZATION,0.646067415730337,0.5446540880503145,0.47722165474974465,0.5622641509433962
4400,GO_POSITIVE_REGULATION_OF_CELL_PROJECTION_ORGANIZATION,0.7039836567926456,0.6289308176100629,0.4289070480081716,0.569811320754717
4401,GO_REGULATION_OF_OSSIFICATION,0.6855975485188968,0.5490566037735849,0.42982635342185904,0.5937106918238994
4402,GO_EXTRACELLULAR_STRUCTURE_ORGANIZATION,0.6880490296220634,0.6031446540880503,0.47354443309499483,0.5836477987421383
4403,GO_DIVALENT_INORGANIC_CATION_TRANSPORT,0.6682328907048009,0.6427672955974842,0.4491317671092952,0.578616352201258
4404,GO_B_CELL_ACTIVATION_INVOLVED_IN_IMMUNE_RESPONSE,0.6299284984678243,0.5490566037735849,0.4866189989785495,0.5333333333333333
4405,GO_REGULATION_OF_TRANSCRIPTION_FROM_RNA_POLYMERASE_II_PROMOTER,0.6752808988764045,0.569811320754717,0.5031664964249234,0.5257861635220126
4406,GO_NEGATIVE_REGULATION_OF_NUCLEOTIDE_METABOLIC_PROCESS,0.6457609805924412,0.6264150943396226,0.4858018386108274,0.5050314465408805
4407,GO_PROTEIN_HETEROOLIGOMERIZATION,0.6555669050051073,0.5855345911949685,0.45730337078651684,0.5735849056603773
4408,GO_REGULATION_OF_APOPTOTIC_SIGNALING_PATHWAY,0.693973442288049,0.620754716981132,0.41358529111338105,0.5735849056603773
4409,GO_SIGNAL_TRANSDUCTION_INVOLVED_IN_REGULATION_OF_GENE_EXPRESSION,0.5733401430030644,0.4666666666666667,0.4943820224719101,0.49056603773584906
4410,GO_ACTIVATION_OF_MAPKK_ACTIVITY,0.6193054136874361,0.6081761006289308,0.4842696629213483,0.5572327044025157
4411,GO_GLANDULAR_EPITHELIAL_CELL_DIFFERENTIATION,0.5595505617977528,0.5735849056603773,0.48028600612870276,0.48553459119496856
4412,GO_POSITIVE_REGULATION_OF_PROTEIN_MODIFICATION_BY_SMALL_PROTEIN_CONJUGATION_OR_REMOVAL,0.6500510725229827,0.6062893081761006,0.42625127681307456,0.4861635220125786
4413,GO_NEGATIVE_REGULATION_OF_CELL_PROLIFERATION,0.7216547497446375,0.5553459119496855,0.4575076608784474,0.630817610062893
4414,GO_REGULATION_OF_T_CELL_MIGRATION,0.5493360572012257,0.5069182389937107,0.4922369765066394,0.5144654088050314
4415,GO_POSITIVE_REGULATION_OF_LEUKOCYTE_MEDIATED_IMMUNITY,0.5855975485188969,0.5220125786163522,0.4651685393258427,0.5050314465408805
4416,GO_CAMP_MEDIATED_SIGNALING,0.5521961184882533,0.5515723270440251,0.478855975485189,0.540251572327044
4417,GO_POSITIVE_REGULATION_OF_GLUCOSE_METABOLIC_PROCESS,0.5764044943820225,0.5911949685534591,0.5,0.5
4418,GO_REGULATION_OF_PRODUCTION_OF_MOLECULAR_MEDIATOR_OF_IMMUNE_RESPONSE,0.6089887640449438,0.5176100628930818,0.4561797752808989,0.5710691823899371
4419,GO_PROTEIN_TARGETING_TO_MITOCHONDRION,0.5433094994892748,0.5572327044025157,0.4810010214504596,0.5044025157232704
4420,GO_POSITIVE_REGULATION_OF_OSSIFICATION,0.683758937691522,0.6364779874213836,0.4808988764044943,0.46226415094339623
4421,GO_RESPONSE_TO_REACTIVE_OXYGEN_SPECIES,0.6682328907048009,0.549685534591195,0.46976506639427984,0.5157232704402516
4422,GO_REGULATION_OF_VASCULATURE_DEVELOPMENT,0.6330949948927478,0.6522012578616353,0.4335035750766088,0.579874213836478
4423,GO_DETECTION_OF_CALCIUM_ION,0.5261491317671092,0.5433962264150943,0.5,0.5
4424,GO_RNA_PHOSPHODIESTER_BOND_HYDROLYSIS_ENDONUCLEOLYTIC,0.5502553626149133,0.5238993710691824,0.4887640449438202,0.5333333333333333
4425,GO_FRUCTOSE_METABOLIC_PROCESS,0.5022471910112359,0.5245283018867924,0.48283963227783444,0.5144654088050314
4426,GO_EYE_MORPHOGENESIS,0.6511746680286006,0.570440251572327,0.4559754851889683,0.569811320754717
4427,GO_NEGATIVE_REGULATION_OF_INTERLEUKIN_2_PRODUCTION,0.5672114402451481,0.5238993710691824,0.4863125638406537,0.5383647798742138
4428,GO_POSITIVE_CHEMOTAXIS,0.5947906026557711,0.5050314465408805,0.5,0.5
4429,GO_NEGATIVE_REGULATION_OF_MRNA_SPLICING_VIA_SPLICEOSOME,0.5475995914198162,0.5490566037735849,0.4887640449438202,0.49056603773584906
4430,GO_RESPONSE_TO_NITRIC_OXIDE,0.5832482124616956,0.5226415094339623,0.4922369765066394,0.5238993710691824
4431,GO_HEAD_MORPHOGENESIS,0.6043922369765067,0.5364779874213836,0.4683350357507661,0.6150943396226416
4432,GO_REGULATION_OF_FATTY_ACID_BETA_OXIDATION,0.5320735444330951,0.4716981132075472,0.49438202247191015,0.6144654088050314
4433,GO_REGULATION_OF_STEM_CELL_DIFFERENTIATION,0.6493360572012258,0.6150943396226415,0.47732379979570994,0.4716981132075472
4434,GO_BRAIN_MORPHOGENESIS,0.6019407558733402,0.5949685534591195,0.49570990806945864,0.5238993710691824
4435,GO_AMINE_BIOSYNTHETIC_PROCESS,0.5186925434116445,0.5572327044025157,0.49785495403472924,0.49056603773584906
4436,GO_FILOPODIUM,0.673237997957099,0.5232704402515723,0.4395301327885597,0.519496855345912
4437,GO_NUCLEAR_CHROMOSOME_TELOMERIC_REGION,0.5943820224719102,0.5320754716981132,0.4562819203268641,0.5421383647798742
4438,GO_CLATHRIN_SCULPTED_VESICLE,0.5463738508682329,0.5572327044025157,0.4866189989785495,0.49056603773584906
4439,GO_I_BAND,0.6780388151174668,0.679874213836478,0.4691521961184882,0.5106918238993711
4440,GO_AGGRESOME,0.5770173646578141,0.5289308176100629,0.5,0.5
4441,GO_MULTIVESICULAR_BODY,0.565270684371808,0.6044025157232704,0.4866189989785495,0.5238993710691824
4442,GO_RNA_CAP_BINDING_COMPLEX,0.5467824310520939,0.5144654088050314,0.4991828396322778,0.4716981132075472
4443,GO_LOW_DENSITY_LIPOPROTEIN_PARTICLE,0.6225740551583246,0.5610062893081761,0.5,0.5
4444,GO_EXTRACELLULAR_MATRIX,0.7117466802860062,0.5320754716981132,0.4846782431052094,0.5968553459119497
4445,GO_PHAGOCYTIC_VESICLE,0.5846782431052094,0.5308176100628931,0.4390194075587334,0.510062893081761
4446,GO_ENDOLYSOSOME,0.5506639427987743,0.4811320754716981,0.4732379979570991,0.5911949685534591
4447,GO_90S_PRERIBOSOME,0.5264555669050051,0.5144654088050314,0.49785495403472924,0.5238993710691824
4448,GO_CYTOCHROME_COMPLEX,0.5160367722165474,0.49056603773584906,0.4922369765066394,0.49056603773584906
4449,GO_CHROMOSOME,0.6970377936670071,0.5955974842767295,0.4247191011235955,0.5509433962264152
4450,GO_CONDENSED_NUCLEAR_CHROMOSOME,0.6056179775280899,0.5522012578616352,0.44954034729315623,0.5767295597484277
4451,GO_NUCLEAR_ENVELOPE,0.681511746680286,0.6138364779874214,0.45250255362614916,0.6440251572327045
4452,GO_RETROMER_COMPLEX,0.5512768130745659,0.510062893081761,0.4991828396322778,0.49056603773584906
4453,GO_PROTEASOME_COMPLEX,0.5961184882533197,0.5572327044025157,0.4707865168539325,0.5490566037735849
4454,GO_NUCLEAR_EXOSOME_RNASE_COMPLEX_,0.5104187946884576,0.5666666666666667,0.47752808988764045,0.49056603773584906
4455,GO_ER_TO_GOLGI_TRANSPORT_VESICLE,0.6038815117466803,0.5522012578616352,0.4792645556690501,0.44339622641509435
4456,GO_TRANSCRIPTION_FACTOR_TFIID_COMPLEX,0.6201225740551582,0.5742138364779874,0.4879468845760981,0.5238993710691824
4457,GO_CENTRIOLE,0.6577119509703779,0.5849056603773585,0.4403472931562819,0.5779874213836478
4458,GO_MICROTUBULE_CYTOSKELETON,0.672829417773238,0.530188679245283,0.5375893769152196,0.5962264150943396
4459,GO_LYSOSOMAL_LUMEN,0.6745658835546475,0.4918238993710692,0.4662921348314607,0.569811320754717
4460,GO_PRE_AUTOPHAGOSOMAL_STRUCTURE,0.6250255362614914,0.539622641509434,0.5,0.5
4461,GO_CELL_CELL_CONTACT_ZONE,0.7261491317671092,0.5974842767295598,0.4716036772216547,0.5283018867924528
4462,GO_MUSCLE_MYOSIN_COMPLEX,0.6014300306435137,0.5729559748427673,0.49785495403472924,0.4811320754716981
4463,GO_VOLTAGE_GATED_CALCIUM_CHANNEL_COMPLEX,0.6208375893769152,0.5981132075471698,0.4810010214504596,0.540251572327044
4464,GO_INFLAMMASOME_COMPLEX,0.5692543411644536,0.4811320754716981,0.5,0.5
4465,GO_IMMUNOLOGICAL_SYNAPSE,0.5873340143003065,0.6094339622641509,0.49427987742594487,0.5930817610062893
4466,GO_GABA_RECEPTOR_COMPLEX,0.5813074565883555,0.6220125786163522,0.4732379979570991,0.5572327044025157
4467,GO_ENDOPLASMIC_RETICULUM_TUBULAR_NETWORK,0.5307456588355465,0.49056603773584906,0.4887640449438202,0.49056603773584906
4468,GO_FILOPODIUM_MEMBRANE,0.5899897854954035,0.4716981132075472,0.49223697650663945,0.4716981132075472
4469,GO_PHOSPHATASE_COMPLEX,0.5972420837589377,0.5433962264150943,0.4887640449438202,0.5333333333333333
4470,GO_TRANSCRIPTION_EXPORT_COMPLEX,0.5229826353421858,0.49056603773584906,0.49009193054136874,0.49056603773584906
4471,GO_SPERM_PART,0.6570990806945863,0.6264150943396226,0.42860061287027584,0.6559748427672956
4472,GO_U1_SNRNP,0.5454545454545454,0.4811320754716981,0.4887640449438202,0.49056603773584906
4473,GO_ANCHORED_COMPONENT_OF_EXTERNAL_SIDE_OF_PLASMA_MEMBRANE,0.5517875383043922,0.580503144654088,0.5,0.5
4474,GO_NUCLEOID,0.6061287027579163,0.4540880503144654,0.49325842696629213,0.5465408805031446
4475,GO_KINESIN_COMPLEX,0.6317671092951993,0.6182389937106919,0.5013278855975485,0.49056603773584906
4476,GO_HOLO_TFIIH_COMPLEX,0.5034729315628191,0.5238993710691824,0.4730337078651685,0.4811320754716981
4477,GO_BASOLATERAL_PLASMA_MEMBRANE,0.6669050051072523,0.6037735849056605,0.4417773237997957,0.5660377358490566
4478,GO_NUCLEAR_OUTER_MEMBRANE,0.6056179775280899,0.5383647798742138,0.47242083758937686,0.5138364779874214
4479,GO_CATION_TRANSPORTING_ATPASE_COMPLEX,0.5550561797752809,0.5622641509433962,0.4866189989785495,0.49056603773584906
4480,GO_CYTOPLASMIC_STRESS_GRANULE,0.5936670071501532,0.510062893081761,0.46404494382022465,0.4716981132075472
4481,GO_SECRETORY_GRANULE,0.6887640449438202,0.5622641509433963,0.48733401430030643,0.5232704402515723
4482,GO_INTRINSIC_COMPONENT_OF_MITOCHONDRIAL_OUTER_MEMBRANE,0.5342185903983656,0.49056603773584906,0.49356486210418793,0.5578616352201258
4483,GO_OXIDOREDUCTASE_COMPLEX,0.55658835546476,0.4578616352201258,0.47538304392236974,0.5333333333333333
4484,GO_VESICLE_MEMBRANE,0.6443309499489275,0.5264150943396226,0.47732379979570994,0.4477987421383648
4485,GO_SAGA_COMPLEX,0.5,0.5,0.4730337078651685,0.5465408805031446
4486,GO_CYTOPLASMIC_UBIQUITIN_LIGASE_COMPLEX,0.5125638406537283,0.4811320754716981,0.5,0.5
4487,GO_AUTOPHAGOSOME,0.6342185903983657,0.580503144654088,0.46772216547497447,0.560377358490566
4488,GO_LARGE_RIBOSOMAL_SUBUNIT,0.5229826353421858,0.5333333333333333,0.480796731358529,0.5157232704402516
4489,GO_H4_HISTONE_ACETYLTRANSFERASE_COMPLEX,0.5165474974463738,0.5144654088050314,0.48314606741573035,0.49056603773584906
4490,GO_ZYMOGEN_GRANULE,0.5307456588355465,0.6144654088050314,0.4879468845760981,0.5050314465408805
4491,GO_TRANS_GOLGI_NETWORK_TRANSPORT_VESICLE_MEMBRANE,0.5320735444330951,0.5572327044025157,0.47538304392236974,0.5144654088050314
4492,GO_ENDOSOME_LUMEN,0.6203268641470889,0.5534591194968553,0.4943820224719101,0.5333333333333333
4493,GO_INTERCALATED_DISC,0.6192032686414709,0.5584905660377358,0.4536261491317672,0.5371069182389937
4494,GO_LATE_ENDOSOME_MEMBRANE,0.6214504596527068,0.539622641509434,0.4866189989785495,0.4578616352201258
4495,GO_EXCITATORY_SYNAPSE,0.6933605720122573,0.5679245283018868,0.43503575076608786,0.5534591194968553
4496,GO_TRANSFERASE_COMPLEX_TRANSFERRING_PHOSPHORUS_CONTAINING_GROUPS,0.6795709908069458,0.6000000000000001,0.4620020429009193,0.5031446540880503
4497,GO_CHROMOSOME_CENTROMERIC_REGION,0.6535240040858018,0.6522012578616353,0.43789581205311545,0.5415094339622641
4498,GO_DNA_POLYMERASE_COMPLEX,0.5299284984678243,0.5383647798742138,0.4983656792645556,0.5144654088050314
4499,GO_PLATELET_ALPHA_GRANULE,0.6690500510725229,0.5572327044025157,0.4882533197139938,0.5578616352201258
4500,GO_TELOMERASE_HOLOENZYME_COMPLEX,0.5432073544433095,0.4716981132075472,0.4887640449438202,0.5666666666666667
4501,GO_INTRINSIC_COMPONENT_OF_ORGANELLE_MEMBRANE,0.7027579162410622,0.5207547169811321,0.4709908069458631,0.5245283018867924
4502,GO_ADA2_GCN5_ADA3_TRANSCRIPTION_ACTIVATOR_COMPLEX,0.5704800817160368,0.5622641509433962,0.5,0.5
4503,GO_SARCOPLASMIC_RETICULUM_MEMBRANE,0.6339121552604698,0.6044025157232704,0.49836567926455566,0.5433962264150943
4504,GO_U2_TYPE_SPLICEOSOMAL_COMPLEX,0.5589376915219612,0.4628930817610063,0.4810010214504596,0.5238993710691824
4505,GO_PLASMA_MEMBRANE_RECEPTOR_COMPLEX,0.6669050051072524,0.5119496855345912,0.4776302349336057,0.5641509433962264
4506,GO_ACROSOMAL_MEMBRANE,0.5437180796731358,0.5477987421383648,0.49009193054136874,0.5238993710691824
4507,GO_MICROBODY_MEMBRANE,0.5593462717058222,0.5050314465408805,0.4866189989785495,0.49056603773584906
4508,GO_BASAL_LAMINA,0.6129724208375894,0.510062893081761,0.4871297242083759,0.5144654088050314
4509,GO_COPI_VESICLE_COAT,0.516241062308478,0.5144654088050314,0.4844739530132789,0.5371069182389937
4510,GO_CYTOPLASMIC_SIDE_OF_MEMBRANE,0.6866189989785495,0.6295597484276729,0.4848825331971399,0.5257861635220126
4511,GO_PLATELET_ALPHA_GRANULE_MEMBRANE,0.5524004085801838,0.5333333333333333,0.5,0.5
4512,GO_NEURON_PROJECTION_TERMINUS,0.6456588355464761,0.5993710691823899,0.46670071501532184,0.5138364779874214
4513,GO_CYTOPLASMIC_REGION,0.6917262512768132,0.6641509433962265,0.47395301327885603,0.5672955974842767
4514,GO_PROTEASOME_REGULATORY_PARTICLE_BASE_SUBCOMPLEX,0.5104187946884576,0.49056603773584906,0.4922369765066394,0.5333333333333333
4515,GO_SECRETORY_GRANULE_LUMEN,0.6548518896833503,0.5591194968553459,0.47844739530132785,0.5735849056603773
4516,GO_RIBOSOME,0.567926455566905,0.650314465408805,0.4449438202247191,0.5490566037735849
4517,GO_MHC_PROTEIN_COMPLEX,0.5477017364657815,0.4987421383647799,0.4887640449438202,0.49056603773584906
4518,GO_ACTIN_CYTOSKELETON,0.67926455566905,0.5880503144654088,0.46639427987742593,0.5836477987421383
4519,GO_GLYCOPROTEIN_COMPLEX,0.5825331971399387,0.48050314465408805,0.489785495403473,0.5572327044025157
4520,GO_COATED_PIT,0.6106230847803882,0.6415094339622641,0.46721144024514816,0.5289308176100629
4521,GO_EXOCYTIC_VESICLE,0.665679264555669,0.5547169811320755,0.45658835546475995,0.5962264150943396
4522,GO_RNA_POLYMERASE_COMPLEX,0.6308478038815117,0.5987421383647799,0.46598569969356485,0.5050314465408805
4523,GO_MRNA_CLEAVAGE_FACTOR_COMPLEX,0.5181818181818182,0.49056603773584906,0.49223697650663945,0.5238993710691824
4524,GO_PERINUCLEAR_REGION_OF_CYTOPLASM,0.6878447395301328,0.610691823899371,0.4671092951991829,0.5440251572327044
4525,GO_NUCLEOLAR_PART,0.5616956077630235,0.5238993710691824,0.4842696629213483,0.5144654088050314
4526,GO_RNA_POLYMERASE_II_TRANSCRIPTION_FACTOR_COMPLEX,0.626046986721144,0.6044025157232704,0.463023493360572,0.5050314465408805
4527,GO_INO80_TYPE_COMPLEX,0.5247191011235954,0.5050314465408805,0.4943820224719101,0.4811320754716981
4528,GO_CELL_CORTEX_PART,0.6573033707865169,0.5572327044025158,0.497752808988764,0.4716981132075472
4529,GO_SMN_COMPLEX,0.537691521961185,0.5238993710691824,0.4943820224719101,0.5333333333333333
4530,GO_GOLGI_STACK,0.6349336057201226,0.5308176100628931,0.4865168539325843,0.5289308176100629
4531,GO_SCF_UBIQUITIN_LIGASE_COMPLEX,0.5654749744637385,0.5050314465408805,0.47538304392236974,0.49559748427672956
4532,GO_CD40_RECEPTOR_COMPLEX,0.5160367722165474,0.5333333333333333,0.5,0.5
4533,GO_BLOC_1_COMPLEX,0.5502553626149133,0.4811320754716981,0.49009193054136874,0.5238993710691824
4534,GO_T_CELL_RECEPTOR_COMPLEX,0.549438202247191,0.5572327044025157,0.4866189989785495,0.49056603773584906
4535,GO_CYTOSOLIC_PART,0.6851889683350356,0.539622641509434,0.4748723186925434,0.60062893081761
4536,GO_VACUOLE,0.672420837589377,0.6377358490566037,0.45035750766087845,0.6465408805031446
4537,GO_SECRETORY_VESICLE,0.6975485188968336,0.6654088050314465,0.4751787538304393,0.549685534591195
4538,GO_NUCLEAR_SPECK,0.6436159346271706,0.5742138364779874,0.4223697650663943,0.5207547169811321
4539,GO_NUCLEAR_TRANSCRIPTIONAL_REPRESSOR_COMPLEX,0.598467824310521,0.5509433962264151,0.5,0.5
4540,GO_NUCLEAR_CYCLIN_DEPENDENT_PROTEIN_KINASE_HOLOENZYME_COMPLEX,0.5229826353421858,0.5050314465408805,0.4887640449438202,0.49056603773584906
4541,GO_SITE_OF_POLARIZED_GROWTH,0.649438202247191,0.5440251572327044,0.4301327885597549,0.5779874213836478
4542,GO_ENDOCYTIC_VESICLE,0.7034729315628192,0.610062893081761,0.4498467824310521,0.5591194968553459
4543,GO_CHROMOSOMAL_REGION,0.6786516853932584,0.568553459119497,0.44923391215526043,0.5710691823899371
4544,GO_INCLUSION_BODY,0.5908069458631257,0.540251572327044,0.5,0.5
4545,GO_MITOTIC_SPINDLE,0.6625127681307457,0.5345911949685535,0.4887640449438202,0.5572327044025157
4546,GO_ANAPHASE_PROMOTING_COMPLEX,0.5829417773237998,0.5144654088050314,0.5,0.5
4547,GO_NUCLEAR_INCLUSION_BODY,0.5524004085801838,0.5333333333333333,0.5,0.5
4548,GO_CELL_PROJECTION_CYTOPLASM,0.6006128702757916,0.5540880503144654,0.478855975485189,0.5490566037735849
4549,GO_PROTON_TRANSPORTING_TWO_SECTOR_ATPASE_COMPLEX_PROTON_TRANSPORTING_DOMAIN,0.5438202247191012,0.49559748427672956,0.49325842696629213,0.4716981132075472
4550,GO_MALE_GERM_CELL_NUCLEUS,0.5295199182839633,0.5716981132075472,0.4719101123595505,0.5811320754716981
4551,GO_MYOFILAMENT,0.5674157303370786,0.5679245283018868,0.5,0.5
4552,GO_GEMINI_OF_COILED_BODIES,0.537691521961185,0.5238993710691824,0.4943820224719101,0.5333333333333333
4553,GO_CELL_PROJECTION_MEMBRANE,0.7235955056179775,0.610062893081761,0.4655771195097038,0.5371069182389937
4554,GO_APICAL_PART_OF_CELL,0.7297242083758938,0.5270440251572327,0.46639427987742593,0.5232704402515723
4555,GO_INTRINSIC_COMPONENT_OF_ENDOPLASMIC_RETICULUM_MEMBRANE,0.6579162410623085,0.5924528301886792,0.49448416751787544,0.5559748427672956
4556,GO_SPINDLE_POLE,0.6116445352400409,0.6182389937106919,0.4943820224719101,0.5238993710691824
4557,GO_FANCONI_ANAEMIA_NUCLEAR_COMPLEX,0.5307456588355465,0.49056603773584906,0.4991828396322778,0.5333333333333333
4558,GO_SEX_CHROMOSOME,0.5817160367722165,0.519496855345912,0.4844739530132789,0.5333333333333333
4559,GO_MRNA_CLEAVAGE_AND_POLYADENYLATION_SPECIFICITY_FACTOR_COMPLEX,0.5342185903983656,0.5572327044025157,0.4910112359550562,0.4811320754716981
4560,GO_NEURON_PART,0.6794688457609805,0.590566037735849,0.49816138917262515,0.5735849056603773
4561,GO_CAJAL_BODY,0.5467824310520939,0.5238993710691824,0.49009193054136874,0.5050314465408805
4562,GO_ROUGH_ENDOPLASMIC_RETICULUM,0.5682328907048009,0.5433962264150943,0.453217568947906,0.5327044025157233
4563,GO_TRANSFERASE_COMPLEX,0.7092951991828396,0.5993710691823899,0.45955056179775283,0.5257861635220126
4564,GO_VACUOLAR_PROTON_TRANSPORTING_V_TYPE_ATPASE_COMPLEX,0.5570990806945864,0.44339622641509435,0.47752808988764045,0.49056603773584906
4565,GO_APICAL_JUNCTION_COMPLEX,0.6353421859039837,0.519496855345912,0.4486210418794688,0.539622641509434
4566,GO_MICROBODY,0.6297242083758938,0.5578616352201258,0.44770173646578143,0.5125786163522013
4567,GO_GERM_CELL_NUCLEUS,0.536976506639428,0.5861635220125786,0.46414708886618994,0.5238993710691824
4568,GO_INTRINSIC_COMPONENT_OF_PLASMA_MEMBRANE,0.6789581205311543,0.6459119496855346,0.5194075587334014,0.6238993710691825
4569,GO_PORE_COMPLEX,0.5729315628192032,0.5981132075471698,0.4866189989785495,0.49056603773584906
4570,GO_LUMENAL_SIDE_OF_MEMBRANE,0.5741573033707864,0.539622641509434,0.4844739530132789,0.4767295597484277
4571,GO_GOLGI_ASSOCIATED_VESICLE_MEMBRANE,0.5976506639427989,0.5477987421383648,0.47752808988764045,0.5528301886792453
4572,GO_CYTOPLASMIC_EXOSOME_RNASE_COMPLEX_,0.5216547497446373,0.4716981132075472,0.5,0.5
4573,GO_LIPID_PARTICLE,0.662614913176711,0.4981132075471698,0.4919305413687436,0.5371069182389937
4574,GO_INTRINSIC_COMPONENT_OF_PEROXISOMAL_MEMBRANE,0.5125638406537283,0.49056603773584906,0.5,0.5
4575,GO_VESICLE_COAT,0.6039836567926455,0.5735849056603773,0.478855975485189,0.5245283018867924
4576,GO_POSTSYNAPSE,0.6946884576098059,0.5729559748427673,0.42328907048008174,0.5207547169811321
4577,GO_PRECATALYTIC_SPLICEOSOME,0.5467824310520939,0.5144654088050314,0.4887640449438202,0.49056603773584906
4578,GO_AXON,0.69244126659857,0.5949685534591196,0.4601634320735444,0.5786163522012578
4579,GO_CLATHRIN_COAT,0.6221654749744637,0.5433962264150943,0.47538304392236974,0.5144654088050314
4580,GO_BASAL_PLASMA_MEMBRANE,0.6267620020429009,0.5672955974842767,0.478855975485189,0.4811320754716981
4581,GO_MCM_COMPLEX,0.5117466802860061,0.49056603773584906,0.4922369765066394,0.5333333333333333
4582,GO_NUCLEAR_BODY,0.7134831460674157,0.6125786163522013,0.4472931562819203,0.5943396226415094
4583,GO_AMPA_GLUTAMATE_RECEPTOR_COMPLEX,0.6382022471910114,0.5540880503144654,0.4887640449438202,0.5333333333333333
4584,GO_CLATHRIN_COATED_VESICLE,0.6870275791624108,0.630817610062893,0.4336057201225741,0.5509433962264151
4585,GO_PROTEIN_KINASE_COMPLEX,0.6099080694586313,0.5358490566037736,0.45035750766087845,0.49559748427672956
4586,GO_VESICLE_LUMEN,0.6702757916241062,0.5547169811320755,0.48702757916241063,0.5823899371069182
4587,GO_PROTEIN_COMPLEX_INVOLVED_IN_CELL_ADHESION,0.5969356486210419,0.5647798742138365,0.4814096016343207,0.60062893081761
4588,GO_TRANS_GOLGI_NETWORK,0.6675178753830439,0.6169811320754718,0.5234933605720122,0.6144654088050315
4589,GO_PHOTORECEPTOR_OUTER_SEGMENT_MEMBRANE,0.5357507660878448,0.5383647798742138,0.4822267620020429,0.4861635220125786
4590,GO_HOPS_COMPLEX,0.541164453524004,0.49056603773584906,0.49009193054136874,0.5238993710691824
4591,GO_IONOTROPIC_GLUTAMATE_RECEPTOR_COMPLEX,0.630949948927477,0.5522012578616352,0.46935648621041887,0.5176100628930818
4592,GO_ORGANELLE_MEMBRANE_CONTACT_SITE,0.517364657814096,0.4811320754716981,0.49009193054136874,0.5333333333333333
4593,GO_SODIUM_CHANNEL_COMPLEX,0.6417773237997958,0.5188679245283019,0.5,0.5
4594,GO_EUKARYOTIC_TRANSLATION_INITIATION_FACTOR_3_COMPLEX,0.5,0.5,0.47538304392236974,0.4811320754716981
4595,GO_CCR4_NOT_COMPLEX,0.5740551583248212,0.5238993710691824,0.4970377936670072,0.5050314465408805
4596,GO_M_BAND,0.6050051072522983,0.5358490566037736,0.48845760980592445,0.5811320754716981
4597,GO_NPBAF_COMPLEX,0.5446373850868234,0.5383647798742138,0.49785495403472924,0.49056603773584906
4598,GO_OUTER_MITOCHONDRIAL_MEMBRANE_PROTEIN_COMPLEX,0.5125638406537283,0.5666666666666667,0.4887640449438202,0.49056603773584906
4599,GO_CORTICAL_CYTOSKELETON,0.6379979570990807,0.5748427672955976,0.49846782431052095,0.540251572327044
4600,GO_MYOSIN_FILAMENT,0.6182839632277835,0.5672955974842767,0.45617977528089887,0.6062893081761006
4601,GO_NEURONAL_POSTSYNAPTIC_DENSITY,0.6316649642492339,0.5578616352201258,0.4914198161389173,0.49056603773584906
4602,GO_INTERMEDIATE_FILAMENT,0.6224719101123595,0.5679245283018868,0.4673135852911134,0.5446540880503145
4603,GO_CYTOSOLIC_SMALL_RIBOSOMAL_SUBUNIT,0.5117466802860061,0.5333333333333333,0.46404494382022465,0.5144654088050314
4604,GO_SNARE_COMPLEX,0.5604698672114401,0.46729559748427674,0.4865168539325842,0.4811320754716981
4605,GO_DNA_REPLICATION_FACTOR_A_COMPLEX,0.5216547497446373,0.5238993710691824,0.5,0.5
4606,GO_UBIQUITIN_LIGASE_COMPLEX,0.6778345250255363,0.5641509433962264,0.41950970377936675,0.5270440251572327
4607,GO_ROUGH_ENDOPLASMIC_RETICULUM_MEMBRANE,0.5633299284984679,0.5528301886792453,0.47538304392236974,0.49056603773584906
4608,GO_AXON_INITIAL_SEGMENT,0.6404494382022472,0.5515723270440251,0.5,0.5
4609,GO_U2_SNRNP,0.5451481103166497,0.5157232704402516,0.4914198161389173,0.5144654088050314
4610,GO_ACTIN_FILAMENT_BUNDLE,0.6004085801838611,0.5238993710691824,0.48835546475995917,0.5213836477987421
4611,GO_PERINUCLEAR_ENDOPLASMIC_RETICULUM,0.5623084780388151,0.5050314465408805,0.4943820224719101,0.5238993710691824
4612,GO_CILIARY_TIP,0.6202247191011235,0.5811320754716981,0.44167517875383044,0.5572327044025157
4613,GO_PRONUCLEUS,0.5555669050051072,0.580503144654088,0.4887640449438202,0.49056603773584906
4614,GO_ORGANELLE_INNER_MEMBRANE,0.6808988764044943,0.6062893081761006,0.44341164453524007,0.540251572327044
4615,GO_GOLGI_CISTERNA,0.6578140960163432,0.559748427672956,0.4560776302349336,0.4930817610062893
4616,GO_NUCLEAR_NUCLEOSOME,0.5558733401430032,0.5144654088050314,0.4887640449438202,0.49056603773584906
4617,GO_PCG_PROTEIN_COMPLEX,0.5798774259448417,0.5572327044025157,0.48314606741573035,0.49056603773584906
4618,GO_GOLGI_APPARATUS_PART,0.7119509703779366,0.6088050314465409,0.46149131767109297,0.6276729559748427
4619,GO_POTASSIUM_CHANNEL_COMPLEX,0.6765066394279878,0.5830188679245283,0.4704800817160367,0.5754716981132075
4620,GO_SMALL_RIBOSOMAL_SUBUNIT,0.5363636363636364,0.5050314465408805,0.4850868232890705,0.5811320754716981
4621,GO_COPI_COATED_VESICLE_MEMBRANE,0.5160367722165474,0.5666666666666667,0.48314606741573035,0.5572327044025157
4622,GO_PROTON_TRANSPORTING_TWO_SECTOR_ATPASE_COMPLEX,0.555873340143003,0.5144654088050314,0.47752808988764045,0.49056603773584906
4623,GO_CENTROSOME,0.6270684371807966,0.6226415094339622,0.4377936670071501,0.5333333333333333
4624,GO_SET1C_COMPASS_COMPLEX,0.6,0.5716981132075472,0.4943820224719101,0.5144654088050314
4625,GO_CYTOPLASMIC_MRNA_PROCESSING_BODY,0.5700715015321757,0.5339622641509434,0.49785495403472924,0.4811320754716981
4626,GO_PROTEIN_PHOSPHATASE_TYPE_1_COMPLEX,0.5195097037793667,0.5050314465408805,0.4887640449438202,0.5333333333333333
4627,GO_NODE_OF_RANVIER,0.638508682328907,0.5251572327044025,0.5,0.5
4628,GO_COMPACT_MYELIN,0.5272727272727272,0.5144654088050314,0.4943820224719101,0.49056603773584906
4629,GO_MOTILE_CILIUM,0.6816138917262512,0.6075471698113208,0.4764044943820224,0.5144654088050314
4630,GO_MICROVILLUS,0.6363636363636362,0.6723270440251572,0.4495403472931563,0.5754716981132075
4631,GO_DENDRITIC_SHAFT,0.6001021450459653,0.5276729559748428,0.4651685393258427,0.5578616352201258
4632,GO_CYTOSOLIC_PROTEASOME_COMPLEX,0.5580183861082737,0.5333333333333333,0.4922369765066394,0.5333333333333333
4633,GO_PML_BODY,0.6244126659856997,0.5427672955974843,0.4448416751787538,0.640251572327044
4634,GO_CELL_CORTEX_REGION,0.5647599591419816,0.559119496855346,0.498876404494382,0.4767295597484277
4635,GO_NEURON_SPINE,0.6878447395301328,0.6150943396226416,0.4860061287027579,0.46729559748427674
4636,GO_ENDOPLASMIC_RETICULUM_PART,0.6823289070480081,0.6371069182389937,0.48651685393258426,0.6867924528301887
4637,GO_NUCLEAR_CHROMOSOME,0.6641470888661899,0.5257861635220126,0.45117466802860057,0.5522012578616352
4638,GO_ENDOCYTIC_VESICLE_MEMBRANE,0.6855975485188969,0.5968553459119498,0.45934627170582226,0.5584905660377358
4639,GO_HIGH_DENSITY_LIPOPROTEIN_PARTICLE,0.5560776302349335,0.5490566037735849,0.4701736465781409,0.5811320754716981
4640,GO_NMDA_SELECTIVE_GLUTAMATE_RECEPTOR_COMPLEX,0.5922369765066394,0.5490566037735849,0.5,0.5
4641,GO_BLOOD_MICROPARTICLE,0.664862104187947,0.630817610062893,0.46690500510725236,0.5660377358490566
4642,GO_PRERIBOSOME,0.5944841675178755,0.5371069182389937,0.4943820224719101,0.49056603773584906
4643,GO_PARANODE_REGION_OF_AXON,0.541879468845761,0.5716981132075472,0.5,0.5
4644,GO_AXONAL_GROWTH_CONE,0.590194075587334,0.5855345911949685,0.4858018386108274,0.5238993710691824
4645,GO_PROTEIN_DNA_COMPLEX,0.61317671092952,0.5050314465408805,0.4752808988764045,0.5138364779874214
4646,GO_APICAL_DENDRITE,0.6119509703779367,0.5981132075471698,0.5,0.5
4647,GO_ACTOMYOSIN,0.5966292134831461,0.6723270440251573,0.4897854954034729,0.5811320754716981
4648,GO_STEREOCILIUM_BUNDLE,0.5935648621041879,0.5823899371069182,0.4695607763023493,0.5433962264150943
4649,GO_ORGANELLAR_RIBOSOME,0.5363636363636364,0.4716981132075472,0.47538304392236974,0.5477987421383648
4650,GO_TRANSCRIPTIONAL_REPRESSOR_COMPLEX,0.6430030643513789,0.5773584905660377,0.4674157303370786,0.49559748427672956
4651,GO_NUCLEAR_REPLICATION_FORK,0.5685393258426967,0.5383647798742138,0.4735444330949949,0.5716981132075472
4652,GO_INVADOPODIUM,0.541164453524004,0.5383647798742138,0.4991828396322778,0.5333333333333333
4653,GO_EXON_EXON_JUNCTION_COMPLEX,0.5616956077630235,0.5144654088050314,0.4866189989785495,0.49559748427672956
4654,GO_CILIARY_PART,0.7014300306435137,0.6364779874213836,0.43605720122574054,0.5534591194968553
4655,GO_COSTAMERE,0.6462717058222676,0.44716981132075473,0.48845760980592445,0.5811320754716981
4656,GO_SWI_SNF_SUPERFAMILY_TYPE_COMPLEX,0.6160367722165476,0.5786163522012578,0.45587334014300307,0.449685534591195
4657,GO_CHROMATIN,0.6661899897854954,0.6232704402515724,0.48089887640449447,0.6345911949685535
4658,GO_BASEMENT_MEMBRANE,0.6922369765066394,0.42830188679245285,0.45188968335035745,0.5572327044025157
4659,GO_BRUSH_BORDER,0.6433094994892747,0.5427672955974843,0.4713993871297242,0.4949685534591195
4660,GO_MITOCHONDRIAL_MATRIX,0.6838610827374871,0.570440251572327,0.43003064351378956,0.5572327044025157
4661,GO_PLATELET_DENSE_TUBULAR_NETWORK,0.5529111338100101,0.5433962264150943,0.4858018386108274,0.5238993710691824
4662,GO_CELL_JUNCTION,0.6858018386108273,0.5446540880503146,0.5038815117466803,0.6251572327044025
4663,GO_NUCLEAR_CHROMATIN,0.6795709908069458,0.5685534591194968,0.4464759959141982,0.5459119496855346
4664,GO_COMPLEX_OF_COLLAGEN_TRIMERS,0.6502553626149132,0.5509433962264151,0.5161389172625128,0.6220125786163522
4665,GO_EARLY_ENDOSOME_MEMBRANE,0.6312563840653729,0.4949685534591195,0.464555669050051,0.510062893081761
4666,GO_TRANSCRIPTION_FACTOR_COMPLEX,0.6795709908069458,0.6232704402515724,0.43605720122574054,0.4968553459119497
4667,GO_MYELIN_SHEATH,0.6659856996935648,0.5169811320754717,0.4692543411644535,0.6352201257861635
4668,GO_SPLICEOSOMAL_TRI_SNRNP_COMPLEX,0.5272727272727272,0.49056603773584906,0.4943820224719101,0.49056603773584906
4669,GO_PLATELET_ALPHA_GRANULE_LUMEN,0.6774259448416752,0.5729559748427673,0.49009193054136874,0.5138364779874214
4670,GO_MICROVILLUS_MEMBRANE,0.5537282941777323,0.5238993710691824,0.4922369765066394,0.49056603773584906
4671,GO_RIBONUCLEOPROTEIN_GRANULE,0.6474974463738509,0.5534591194968553,0.47129724208375895,0.510062893081761
4672,GO_CLATHRIN_COATED_ENDOCYTIC_VESICLE,0.6340143003064351,0.5490566037735849,0.44484167517875384,0.5289308176100629
4673,GO_ARP2_3_PROTEIN_COMPLEX,0.5034729315628191,0.49056603773584906,0.5,0.5
4674,GO_LEADING_EDGE_MEMBRANE,0.6760980592441267,0.6792452830188679,0.4398365679264556,0.5484276729559748
4675,GO_CONTRACTILE_FIBER,0.735444330949949,0.6459119496855347,0.455464759959142,0.49433962264150944
4676,GO_TRANSCRIPTION_FACTOR_TFTC_COMPLEX,0.5101123595505618,0.510062893081761,0.49009193054136874,0.5333333333333333
4677,GO_CYTOSOLIC_LARGE_RIBOSOMAL_SUBUNIT,0.5125638406537283,0.4811320754716981,0.49325842696629213,0.5050314465408805
4678,GO_CLUSTER_OF_ACTIN_BASED_CELL_PROJECTIONS,0.6438202247191012,0.6025157232704403,0.4643513789581205,0.560377358490566
4679,GO_PROTEINACEOUS_EXTRACELLULAR_MATRIX,0.7212461695607764,0.5509433962264151,0.5017364657814096,0.6257861635220126
4680,GO_PHAGOCYTIC_CUP,0.5755873340143004,0.5314465408805031,0.49999999999999994,0.4716981132075472
4681,GO_PROTON_TRANSPORTING_TWO_SECTOR_ATPASE_COMPLEX_CATALYTIC_DOMAIN,0.5125638406537283,0.5333333333333333,0.4866189989785495,0.5238993710691824
4682,GO_CYTOSKELETAL_PART,0.6863125638406538,0.5962264150943397,0.48089887640449436,0.6119496855345912
4683,GO_MICROTUBULE,0.7023493360572012,0.6333333333333333,0.489479060265577,0.5371069182389937
4684,GO_CYTOSKELETON,0.6325842696629214,0.5578616352201258,0.5113381001021451,0.5371069182389938
4685,GO_COPI_COATED_VESICLE,0.5537282941777323,0.5716981132075472,0.4887640449438202,0.5238993710691824
4686,GO_NUCLEAR_EUCHROMATIN,0.5567926455566906,0.5811320754716981,0.4866189989785495,0.49056603773584906
4687,GO_CORTICAL_ACTIN_CYTOSKELETON,0.652808988764045,0.5333333333333333,0.4991828396322778,0.46226415094339623
4688,GO_PERICENTRIC_HETEROCHROMATIN,0.5183861082737488,0.5050314465408805,0.5,0.5
4689,GO_GLIAL_CELL_PROJECTION,0.5437180796731358,0.5226415094339623,0.49785495403472924,0.49056603773584906
4690,GO_SPECIFIC_GRANULE,0.5429009193054137,0.5226415094339623,0.5,0.5
4691,GO_HETEROTRIMERIC_G_PROTEIN_COMPLEX,0.5216547497446373,0.5333333333333333,0.4866189989785495,0.5238993710691824
4692,GO_ENDOPLASMIC_RETICULUM_LUMEN,0.6716036772216547,0.6710691823899371,0.4730337078651685,0.5779874213836478
4693,GO_LATERAL_PLASMA_MEMBRANE,0.6335035750766088,0.5962264150943396,0.48488253319714,0.5157232704402516
4694,GO_BANDED_COLLAGEN_FIBRIL,0.6548518896833504,0.5761006289308176,0.5,0.5
4695,GO_EXTRINSIC_COMPONENT_OF_ORGANELLE_MEMBRANE,0.5355464759959141,0.5044025157232704,0.4746680286006129,0.5490566037735849
4696,GO_PLATELET_DENSE_GRANULE_LUMEN,0.5495403472931564,0.5572327044025157,0.49785495403472924,0.5238993710691824
4697,GO_INTRACELLULAR_VESICLE,0.6849846782431053,0.5968553459119497,0.46036772216547495,0.6716981132075472
4698,GO_MYOSIN_COMPLEX,0.6602655771195096,0.5427672955974843,0.4550561797752809,0.6069182389937107
4699,GO_VOLTAGE_GATED_SODIUM_CHANNEL_COMPLEX,0.6269662921348315,0.5433962264150943,0.5,0.5
4700,GO_DNA_REPAIR_COMPLEX,0.5509703779366701,0.590566037735849,0.4633299284984678,0.5383647798742138
4701,GO_CLATHRIN_VESICLE_COAT,0.5502553626149133,0.5144654088050314,0.49152196118488256,0.540251572327044
4702,GO_SIN3_COMPLEX,0.5483146067415732,0.519496855345912,0.48314606741573035,0.49056603773584906
4703,GO_ESCRT_COMPLEX,0.5208375893769153,0.5144654088050314,0.4922369765066394,0.49056603773584906
4704,GO_CELL_SUBSTRATE_JUNCTION,0.6840653728294177,0.5974842767295598,0.4469867211440245,0.48742138364779874
4705,GO_CILIARY_TRANSITION_ZONE,0.5515832482124617,0.519496855345912,0.46976506639427984,0.5383647798742138
4706,GO_U5_SNRNP,0.5545454545454546,0.4716981132075472,0.5,0.5
4707,GO_ENDOCYTIC_VESICLE_LUMEN,0.5990806945863125,0.5276729559748428,0.49570990806945864,0.5238993710691824
4708,GO_HISTONE_METHYLTRANSFERASE_COMPLEX,0.6273748723186925,0.6031446540880503,0.4842696629213483,0.4716981132075472
4709,GO_MICROTUBULE_PLUS_END,0.558426966292135,0.5138364779874214,0.5,0.5
4710,GO_SAGA_TYPE_COMPLEX,0.550561797752809,0.5276729559748428,0.4732379979570991,0.5477987421383648
4711,GO_CELL_DIVISION_SITE,0.5908069458631257,0.47735849056603774,0.48314606741573035,0.5811320754716981
4712,GO_EXTRACELLULAR_MATRIX_COMPONENT,0.6758937691521962,0.589308176100629,0.47742594484167505,0.549685534591195
4713,GO_NUCLEAR_HETEROCHROMATIN,0.5740551583248212,0.5238993710691824,0.4887640449438202,0.49056603773584906
4714,GO_TCTN_B9D_COMPLEX,0.5229826353421858,0.5238993710691824,0.4879468845760981,0.49056603773584906
4715,GO_PRC1_COMPLEX,0.5320735444330951,0.4716981132075472,0.5,0.5
4716,GO_GOLGI_ASSOCIATED_VESICLE,0.6469867211440246,0.569811320754717,0.4537282941777323,0.5471698113207547
4717,GO_INTRINSIC_COMPONENT_OF_GOLGI_MEMBRANE,0.6410623084780388,0.5540880503144654,0.4921348314606741,0.5477987421383648
4718,GO_SYNAPSE,0.6896833503575077,0.6320754716981132,0.4902962206332993,0.5641509433962264
4719,GO_CHLORIDE_CHANNEL_COMPLEX,0.6474974463738509,0.5918238993710692,0.4732379979570991,0.5238993710691824
4720,GO_CLATHRIN_COAT_OF_COATED_PIT,0.5514811031664963,0.5823899371069182,0.4810010214504596,0.49056603773584906
4721,GO_SIN3_TYPE_COMPLEX,0.5438202247191011,0.5477987421383648,0.48314606741573035,0.49056603773584906
4722,GO_POSTSYNAPTIC_MEMBRANE,0.7041879468845761,0.4937106918238994,0.5042900919305413,0.570440251572327
4723,GO_SMALL_SUBUNIT_PROCESSOME,0.5961184882533197,0.5452830188679245,0.4953013278855975,0.4811320754716981
4724,GO_RUFFLE_MEMBRANE,0.6356486210418795,0.530188679245283,0.4400408580183861,0.5679245283018868
4725,GO_EXTERNAL_ENCAPSULATING_STRUCTURE,0.5348314606741572,0.5383647798742138,0.4810010214504596,0.5333333333333333
4726,GO_CELL_TRAILING_EDGE,0.541164453524004,0.49559748427672956,0.49009193054136874,0.4716981132075472
4727,GO_CATION_CHANNEL_COMPLEX,0.7084780388151174,0.5207547169811321,0.4922369765066394,0.5006289308176101
4728,GO_MLL1_2_COMPLEX,0.5923391215526047,0.5433962264150943,0.4866189989785495,0.5144654088050314
4729,GO_METHYLTRANSFERASE_COMPLEX,0.6324821246169561,0.60062893081761,0.47752808988764045,0.4811320754716981
4730,GO_NUCLEOPLASM_PART,0.675076608784474,0.5874213836477988,0.47844739530132785,0.5421383647798743
4731,GO_SYNAPTONEMAL_COMPLEX,0.5557711950970379,0.5276729559748428,0.4689479060265577,0.5477987421383648
4732,GO_ORGANELLAR_SMALL_RIBOSOMAL_SUBUNIT,0.5272727272727272,0.5144654088050314,0.48314606741573035,0.5333333333333333
4733,GO_CELL_CELL_ADHERENS_JUNCTION,0.6203268641470889,0.5427672955974843,0.4780388151174668,0.5490566037735849
4734,GO_N_TERMINAL_PROTEIN_ACETYLTRANSFERASE_COMPLEX,0.5069458631256384,0.49056603773584906,0.4991828396322778,0.49056603773584906
4735,GO_PROTON_TRANSPORTING_ATP_SYNTHASE_COMPLEX_COUPLING_FACTOR_F_O_,0.5,0.5,0.5,0.5
4736,GO_CONNEXON_COMPLEX,0.5638406537282942,0.4716981132075472,0.4863125638406537,0.49559748427672956
4737,GO_GOLGI_MEMBRANE,0.7216547497446374,0.5698113207547171,0.4519918283963228,0.5088050314465409
4738,GO_COATED_VESICLE_MEMBRANE,0.6518896833503575,0.6056603773584905,0.45127681307456585,0.49937106918238994
4739,GO_SMOOTH_ENDOPLASMIC_RETICULUM,0.5877425944841677,0.5679245283018868,0.4844739530132789,0.5238993710691824
4740,GO_ENDORIBONUCLEASE_COMPLEX,0.5125638406537282,0.540251572327044,0.49570990806945864,0.49056603773584906
4741,GO_ATPASE_COMPLEX,0.6230847803881512,0.5283018867924528,0.4866189989785495,0.5333333333333333
4742,GO_NUCLEAR_INNER_MEMBRANE,0.5976506639427988,0.5578616352201258,0.48426966292134827,0.5144654088050314
4743,GO_LATE_ENDOSOME,0.620020429009193,0.5641509433962264,0.43534218590398366,0.4716981132075472
4744,GO_VACUOLAR_LUMEN,0.6609805924412666,0.5113207547169811,0.4866189989785495,0.5276729559748428
4745,GO_LAMELLIPODIUM_MEMBRANE,0.5704800817160368,0.5490566037735849,0.4991828396322778,0.49056603773584906
4746,GO_EXOSOME_RNASE_COMPLEX_,0.5419816138917262,0.569811320754717,0.49785495403472924,0.5238993710691824
4747,GO_ER_TO_GOLGI_TRANSPORT_VESICLE_MEMBRANE,0.6024514811031665,0.539622641509434,0.45638406537282944,0.4767295597484277
4748,GO_SPINDLE_MIDZONE,0.6150153217568948,0.5138364779874214,0.4879468845760981,0.5572327044025157
4749,GO_PRESYNAPTIC_MEMBRANE,0.6489274770173646,0.5251572327044025,0.4806945863125638,0.5226415094339623
4750,GO_NUCLEAR_MEMBRANE_PART,0.5467824310520939,0.5069182389937107,0.5,0.5
4751,GO_XY_BODY,0.5377936670071501,0.46729559748427674,0.4820224719101123,0.6
4752,GO_MITOCHONDRIAL_MEMBRANE_PART,0.5744637385086824,0.5987421383647799,0.46976506639427984,0.5477987421383648
4753,GO_COP9_SIGNALOSOME,0.5562819203268642,0.5823899371069182,0.47538304392236974,0.5383647798742138
4754,GO_INNER_MITOCHONDRIAL_MEMBRANE_PROTEIN_COMPLEX,0.5829417773237998,0.5471698113207547,0.4850868232890705,0.5050314465408805
4755,GO_NEURON_PROJECTION,0.6878447395301328,0.5666666666666667,0.5100102145045965,0.5534591194968554
4756,GO_BLOC_COMPLEX,0.5502553626149133,0.5144654088050314,0.49009193054136874,0.5238993710691824
4757,GO_BETA_CATENIN_DESTRUCTION_COMPLEX,0.5467824310520939,0.4716981132075472,0.4922369765066394,0.4811320754716981
4758,GO_APICOLATERAL_PLASMA_MEMBRANE,0.5502553626149133,0.4811320754716981,0.4914198161389173,0.5572327044025157
4759,GO_CATALYTIC_COMPLEX,0.7050051072522983,0.5842767295597484,0.45924412665985703,0.4660377358490566
4760,GO_FILOPODIUM_TIP,0.5908069458631257,0.5213836477987421,0.5,0.5
4761,GO_MISMATCH_REPAIR_COMPLEX,0.5243105209397344,0.5238993710691824,0.46414708886618994,0.5238993710691824
4762,GO_AXONEME_PART,0.6202247191011236,0.7075471698113207,0.5,0.5
4763,GO_KINETOCHORE,0.6486210418794689,0.519496855345912,0.47170582226762,0.4981132075471698
4764,GO_INTERSTITIAL_MATRIX,0.5709908069458631,0.5433962264150943,0.49570990806945864,0.5572327044025157
4765,GO_EXTRACELLULAR_SPACE,0.6725229826353423,0.6773584905660377,0.4930541368743616,0.6176100628930818
4766,GO_CYTOPLASMIC_DYNEIN_COMPLEX,0.5628192032686415,0.5238993710691824,0.4922369765066394,0.5238993710691824
4767,GO_ENDOLYSOSOME_MEMBRANE,0.5320735444330951,0.5572327044025157,0.4676200204290092,0.6333333333333333
4768,GO_PRESPLICEOSOME,0.5433094994892748,0.5144654088050314,0.47538304392236974,0.5811320754716981
4769,GO_CHD_TYPE_COMPLEX,0.598467824310521,0.5509433962264151,0.48314606741573035,0.49056603773584906
4770,GO_SPERM_PRINCIPAL_PIECE,0.5545454545454546,0.5238993710691824,0.4970377936670072,0.5333333333333333
4771,GO_CATALYTIC_STEP_2_SPLICEOSOME,0.6200204290091931,0.4666666666666667,0.4593462717058222,0.6069182389937107
4772,GO_VIRION,0.5195097037793667,0.49056603773584906,0.4922369765066394,0.49056603773584906
4773,GO_VACUOLAR_PART,0.6926455566905005,0.47798742138364786,0.45638406537282944,0.5433962264150943
4774,GO_MITOCHONDRIAL_PART,0.6351378958120532,0.5880503144654088,0.44841675178753826,0.5955974842767296
4775,GO_MITOCHONDRION,0.6658835546475996,0.5792452830188679,0.47589376915219606,0.5616352201257861
4776,GO_CELL_SURFACE,0.6695607763023493,0.6830188679245283,0.4918283963227783,0.5465408805031446
4777,GO_HEMOGLOBIN_COMPLEX,0.5467824310520939,0.5238993710691824,0.49570990806945864,0.5238993710691824
4778,GO_DENDRITE_MEMBRANE,0.5883554647599591,0.5125786163522013,0.5,0.5
4779,GO_RESPIRATORY_CHAIN,0.5213483146067415,0.4811320754716981,0.4810010214504596,0.5144654088050314
4780,GO_U4_U6_X_U5_TRI_SNRNP_COMPLEX,0.5272727272727272,0.49056603773584906,0.4943820224719101,0.49056603773584906
4781,GO_PRP19_COMPLEX,0.5299284984678243,0.5144654088050314,0.47538304392236974,0.5811320754716981
4782,GO_CONDENSED_CHROMOSOME_CENTROMERIC_REGION,0.617773237997957,0.5572327044025157,0.47977528089887644,0.5880503144654088
4783,GO_TRICARBOXYLIC_ACID_CYCLE_ENZYME_COMPLEX,0.5529111338100101,0.519496855345912,0.49785495403472924,0.5144654088050314
4784,GO_STAGA_COMPLEX,0.5265577119509703,0.5138364779874214,0.49009193054136874,0.5333333333333333
4785,GO_SPERM_MIDPIECE,0.5489274770173647,0.5238993710691824,0.5,0.5
4786,GO_SECRETORY_GRANULE_MEMBRANE,0.6113381001021451,0.5792452830188679,0.4654749744637385,0.5415094339622641
4787,GO_DNA_PACKAGING_COMPLEX,0.5688457609805925,0.520125786163522,0.47803881511746676,0.6572327044025157
4788,GO_POLE_PLASM,0.5791624106230847,0.520125786163522,0.49785495403472924,0.49056603773584906
4789,GO_MEMBRANE_MICRODOMAIN,0.7423901940755873,0.5616352201257863,0.4720122574055158,0.5987421383647799
4790,GO_TRANSPORTER_COMPLEX,0.7054136874361593,0.6635220125786163,0.46813074565883556,0.549685534591195
4791,GO_SIDE_OF_MEMBRANE,0.7010214504596527,0.6603773584905661,0.48672114402451483,0.6113207547169811
4792,GO_PHOTORECEPTOR_CONNECTING_CILIUM,0.5838610827374872,0.5754716981132075,0.4943820224719101,0.4811320754716981
4793,GO_CONDENSED_CHROMOSOME_OUTER_KINETOCHORE,0.5776302349336055,0.4861635220125786,0.5,0.5
4794,GO_CLATHRIN_COATED_VESICLE_MEMBRANE,0.6416751787538304,0.5459119496855346,0.4737487231869254,0.5289308176100629
4795,GO_MEMBRANE_PROTEIN_COMPLEX,0.6614913176710928,0.6157232704402515,0.4669050051072523,0.550314465408805
4796,GO_INTRINSIC_COMPONENT_OF_THE_CYTOPLASMIC_SIDE_OF_THE_PLASMA_MEMBRANE,0.5897854954034729,0.60062893081761,0.48876404494382014,0.5823899371069182
4797,GO_NUCLEAR_OUTER_MEMBRANE_ENDOPLASMIC_RETICULUM_MEMBRANE_NETWORK,0.7213483146067416,0.6012578616352202,0.481511746680286,0.5433962264150944
4798,GO_TRANSCRIPTIONALLY_ACTIVE_CHROMATIN,0.5402451481103167,0.5490566037735849,0.4970377936670072,0.5238993710691824
4799,GO_U2_TYPE_PRESPLICEOSOME,0.5286006128702757,0.5050314465408805,0.4887640449438202,0.49056603773584906
4800,GO_ENDOPLASMIC_RETICULUM_CHAPERONE_COMPLEX,0.5251276813074566,0.5238993710691824,0.4922369765066394,0.49056603773584906
4801,GO_SCHMIDT_LANTERMAN_INCISURE,0.5272727272727272,0.5144654088050314,0.4943820224719101,0.49056603773584906
4802,GO_SEMAPHORIN_RECEPTOR_COMPLEX,0.613585291113381,0.5314465408805031,0.4732379979570991,0.4811320754716981
4803,GO_AXON_CYTOPLASM,0.5385086823289071,0.4528301886792453,0.4866189989785495,0.5238993710691824
4804,GO_LAMELLIPODIUM,0.7020429009193054,0.5723270440251572,0.4576098059244127,0.5150943396226415
4805,GO_NUCLEAR_TRANSCRIPTION_FACTOR_COMPLEX,0.6561797752808989,0.6415094339622642,0.4740551583248212,0.4830188679245283
4806,GO_MIDBODY,0.6528089887640449,0.5786163522012578,0.4657814096016343,0.5962264150943396
4807,GO_HETEROCHROMATIN,0.6160367722165476,0.5314465408805031,0.480796731358529,0.5050314465408805
4808,GO_DNA_HELICASE_COMPLEX,0.5344228804902961,0.4811320754716981,0.4943820224719101,0.4811320754716981
4809,GO_CHROMOCENTER,0.541164453524004,0.5238993710691824,0.460776302349336,0.540251572327044
4810,GO_SPLICEOSOMAL_COMPLEX,0.5893769152196119,0.5522012578616352,0.46302349336057197,0.5144654088050314
4811,GO_NADH_DEHYDROGENASE_COMPLEX,0.5104187946884576,0.5238993710691824,0.4866189989785495,0.4811320754716981
4812,GO_SARCOPLASM,0.6290091930541368,0.6314465408805032,0.4695607763023494,0.5044025157232704
4813,GO_DNA_DIRECTED_RNA_POLYMERASE_II_CORE_COMPLEX,0.5697650663942799,0.5861635220125786,0.5,0.5
4814,GO_CELL_CELL_JUNCTION,0.6949948927477017,0.47672955974842773,0.49101123595505614,0.4911949685534591
4815,GO_CONDENSED_NUCLEAR_CHROMOSOME_CENTROMERIC_REGION,0.5272727272727272,0.49056603773584906,0.5,0.5
4816,GO_PHOSPHATIDYLINOSITOL_3_KINASE_COMPLEX,0.6355464759959142,0.5691823899371069,0.5,0.5
4817,GO_INTRACILIARY_TRANSPORT_PARTICLE_B,0.5502553626149133,0.49559748427672956,0.5,0.5
4818,GO_DNA_DIRECTED_RNA_POLYMERASE_I_COMPLEX,0.517364657814096,0.49056603773584906,0.5,0.5
4819,GO_REPLICATION_FORK,0.592032686414709,0.5572327044025157,0.46629213483146065,0.5276729559748428
4820,GO_IMMUNOGLOBULIN_COMPLEX,0.5229826353421858,0.4811320754716981,0.49570990806945864,0.5383647798742138
4821,GO_SMALL_NUCLEOLAR_RIBONUCLEOPROTEIN_COMPLEX,0.5195097037793667,0.49056603773584906,0.4810010214504596,0.5238993710691824
4822,GO_SMN_SM_PROTEIN_COMPLEX,0.537691521961185,0.5238993710691824,0.4943820224719101,0.5333333333333333
4823,GO_RECEPTOR_COMPLEX,0.7046986721144025,0.7069182389937106,0.42921348314606744,0.5270440251572327
4824,GO_INTRACILIARY_TRANSPORT_PARTICLE,0.5887640449438202,0.6,0.478855975485189,0.5333333333333333
4825,GO_ANCHORING_JUNCTION,0.6916241062308478,0.5723270440251572,0.46792645556690504,0.5169811320754717
4826,GO_PRERIBOSOME_LARGE_SUBUNIT_PRECURSOR,0.5181818181818182,0.49056603773584906,0.4866189989785495,0.4811320754716981
4827,GO_ENDOPLASMIC_RETICULUM_GOLGI_INTERMEDIATE_COMPARTMENT_MEMBRANE,0.6185903983656793,0.5823899371069182,0.47191011235955055,0.4716981132075472
4828,GO_EXTRINSIC_COMPONENT_OF_CYTOPLASMIC_SIDE_OF_PLASMA_MEMBRANE,0.6489274770173646,0.549685534591195,0.4730337078651685,0.4861635220125786
4829,GO_GAMMA_TUBULIN_COMPLEX,0.5398365679264555,0.49559748427672956,0.4810010214504596,0.5572327044025157
4830,GO_POLYSOME,0.6354443309499489,0.5207547169811321,0.4767109295199182,0.4811320754716981
4831,GO_PRESYNAPTIC_ACTIVE_ZONE,0.6028600612870276,0.4962264150943396,0.4925434116445352,0.5226415094339623
4832,GO_EXOCYST,0.5235955056179775,0.5238993710691824,0.4844739530132789,0.49056603773584906
4833,GO_DNA_DIRECTED_RNA_POLYMERASE_III_COMPLEX,0.5578140960163432,0.5245283018867924,0.5,0.5
4834,GO_PODOSOME,0.5800817160367722,0.5289308176100629,0.4938712972420838,0.5238993710691824
4835,GO_CILIARY_BASE,0.5887640449438203,0.5647798742138365,0.4665985699693565,0.5238993710691824
4836,GO_AUTOPHAGOSOME_MEMBRANE,0.5522982635342186,0.4968553459119497,0.46404494382022476,0.5226415094339623
4837,GO_INTRINSIC_COMPONENT_OF_MITOCHONDRIAL_INNER_MEMBRANE,0.5272727272727272,0.5238993710691824,0.48314606741573035,0.5238993710691824
4838,GO_DYNEIN_COMPLEX,0.6157303370786517,0.6402515723270441,0.4831460674157303,0.5666666666666667
4839,GO_ORGANELLAR_LARGE_RIBOSOMAL_SUBUNIT,0.5307456588355465,0.5238993710691824,0.4922369765066394,0.5238993710691824
4840,GO_CARBOXY_TERMINAL_DOMAIN_PROTEIN_KINASE_COMPLEX,0.5195097037793667,0.5144654088050314,0.4732379979570991,0.49056603773584906
4841,GO_DESMOSOME,0.6338100102145046,0.5339622641509434,0.48855975485188974,0.5540880503144654
4842,GO_RECYCLING_ENDOSOME_MEMBRANE,0.5841675178753831,0.590566037735849,0.48314606741573035,0.5572327044025157
4843,GO_ORGANELLE_ENVELOPE_LUMEN,0.5595505617977528,0.5477987421383648,0.48314606741573035,0.5238993710691824
4844,GO_SPINDLE_MICROTUBULE,0.5887640449438202,0.5572327044025157,0.4910112359550562,0.5144654088050314
4845,GO_GOLGI_TRANSPORT_COMPLEX,0.5264555669050051,0.5716981132075472,0.49570990806945864,0.5238993710691824
4846,GO_OUTER_MEMBRANE,0.6753830439223698,0.6704402515723271,0.4089887640449438,0.5616352201257861
4847,GO_RIBOSOMAL_SUBUNIT,0.5433094994892748,0.49559748427672956,0.46976506639427984,0.5144654088050314
4848,GO_CIS_GOLGI_NETWORK,0.5554647599591419,0.5383647798742138,0.4866189989785495,0.5238993710691824
4849,GO_TRANS_GOLGI_NETWORK_TRANSPORT_VESICLE,0.5914198161389173,0.5622641509433962,0.4941777323799796,0.5044025157232704
4850,GO_INHIBITORY_SYNAPSE,0.5382022471910112,0.4716981132075472,0.4926455566905005,0.5050314465408805
4851,GO_MICROTUBULE_END,0.5753830439223697,0.5408805031446541,0.49570990806945864,0.4811320754716981
4852,GO_SUPRAMOLECULAR_FIBER,0.6851889683350357,0.5597484276729561,0.4567926455566905,0.5937106918238995
4853,GO_FIBRIL,0.5971399387129723,0.540251572327044,0.4943820224719101,0.49056603773584906
4854,GO_NONMOTILE_PRIMARY_CILIUM,0.6337078651685394,0.6245283018867924,0.4704800817160367,0.5106918238993711
4855,GO_NUCLEAR_MATRIX,0.6508682328907048,0.6773584905660377,0.4493360572012257,0.5553459119496855
4856,GO_AXOLEMMA,0.6197139938712973,0.7094339622641509,0.4987742594484167,0.4811320754716981
4857,GO_MICROTUBULE_ASSOCIATED_COMPLEX,0.6965270684371807,0.560377358490566,0.44177732379979573,0.5761006289308176
4858,GO_APICAL_PLASMA_MEMBRANE,0.7467824310520939,0.5471698113207547,0.46414708886618994,0.6012578616352201
4859,GO_PHAGOCYTIC_VESICLE_MEMBRANE,0.5719101123595505,0.5069182389937107,0.49009193054136874,0.5238993710691824
4860,GO_PHOTORECEPTOR_INNER_SEGMENT,0.6194075587334015,0.6433962264150943,0.4732379979570991,0.46226415094339623
4861,GO_EUCHROMATIN,0.5563840653728294,0.6238993710691824,0.4866189989785495,0.49056603773584906
4862,GO_CELL_CORTEX,0.6840653728294177,0.6836477987421383,0.4949948927477017,0.5679245283018868
4863,GO_DNA_DIRECTED_RNA_POLYMERASE_II_HOLOENZYME,0.6213483146067416,0.5691823899371069,0.4701736465781409,0.5477987421383648
4864,GO_ENDOPLASMIC_RETICULUM_QUALITY_CONTROL_COMPARTMENT,0.5320735444330951,0.5144654088050314,0.49775280898876406,0.5050314465408805
4865,GO_INTRINSIC_COMPONENT_OF_MITOCHONDRIAL_MEMBRANE,0.5269662921348314,0.5477987421383648,0.4676200204290092,0.5823899371069182
4866,GO_LATERAL_ELEMENT,0.5259448416751787,0.5823899371069182,0.4922369765066394,0.5238993710691824
4867,GO_CYTOPLASMIC_VESICLE_PART,0.6727272727272727,0.6176100628930818,0.47967313585291116,0.5333333333333333
4868,GO_INTERMEDIATE_FILAMENT_CYTOSKELETON,0.6665985699693564,0.489937106918239,0.4503575076608785,0.5823899371069182
4869,GO_ENDOSOMAL_PART,0.6817160367722166,0.5459119496855346,0.43278855975485186,0.7044025157232704
4870,GO_ACROSOMAL_VESICLE,0.6339121552604698,0.5647798742138365,0.4665985699693565,0.5735849056603773
4871,GO_PSEUDOPODIUM,0.5286006128702757,0.5050314465408805,0.49785495403472924,0.4811320754716981
4872,GO_T_TUBULE,0.7017364657814096,0.5477987421383648,0.48345250255362615,0.539622641509434
4873,GO_ENDOPLASMIC_RETICULUM_GOLGI_INTERMEDIATE_COMPARTMENT,0.6403472931562819,0.5584905660377358,0.46966292134831455,0.5572327044025157
4874,GO_PLASMA_MEMBRANE_REGION,0.7048008171603677,0.6044025157232704,0.505311542390194,0.6062893081761007
4875,GO_NEURON_PROJECTION_MEMBRANE,0.6603677221654749,0.7031446540880504,0.5,0.5
4876,GO_INTEGRATOR_COMPLEX,0.5251276813074566,0.5333333333333333,0.4922369765066394,0.49056603773584906
4877,GO_SARCOLEMMA,0.6946884576098059,0.5257861635220126,0.45352400408580185,0.5578616352201258
4878,GO_IKAPPAB_KINASE_COMPLEX,0.5034729315628191,0.49056603773584906,0.4943820224719101,0.49056603773584906
4879,GO_CELL_BODY,0.6946884576098059,0.5132075471698113,0.46557711950970376,0.5597484276729561
4880,GO_LYTIC_VACUOLE,0.6654749744637385,0.529559748427673,0.45658835546476,0.6358490566037736
4881,GO_CUL4_RING_E3_UBIQUITIN_LIGASE_COMPLEX,0.543003064351379,0.5138364779874214,0.5,0.5
4882,GO_CONDENSED_CHROMOSOME,0.676302349336057,0.5182389937106918,0.4152196118488254,0.5440251572327044
4883,GO_ESC_E_Z_COMPLEX,0.5475995914198162,0.540251572327044,0.48314606741573035,0.49056603773584906
4884,GO_NUCLEAR_PERIPHERY,0.6439223697650663,0.5566037735849056,0.4910112359550562,0.5138364779874214
4885,GO_CULLIN_RING_UBIQUITIN_LIGASE_COMPLEX,0.6599591419816139,0.5660377358490566,0.4902962206332993,0.5138364779874214
4886,GO_MAIN_AXON,0.6623084780388151,0.6257861635220127,0.4825331971399387,0.5226415094339623
4887,GO_LAMELLAR_BODY,0.5572012257405516,0.590566037735849,0.4914198161389173,0.5572327044025157
4888,GO_CHROMATOID_BODY,0.5656792645556691,0.5289308176100629,0.48314606741573035,0.49056603773584906
4889,GO_CHROMOSOME_TELOMERIC_REGION,0.6459652706843718,0.5672955974842767,0.44790602655771194,0.4811320754716981
4890,GO_TOR_COMPLEX,0.5522982635342186,0.5666666666666667,0.4887640449438202,0.4811320754716981
4891,GO_WNT_SIGNALOSOME,0.5537282941777323,0.5238993710691824,0.5,0.5
4892,GO_ACTIN_BASED_CELL_PROJECTION,0.6682328907048007,0.640251572327044,0.42482124616956074,0.5289308176100629
4893,GO_CELL_PROJECTION,0.6584269662921348,0.5635220125786163,0.5230847803881512,0.5515723270440251
4894,GO_REPLISOME,0.5286006128702758,0.5477987421383648,0.4906026557711951,0.5232704402515723
4895,GO_CILIARY_MEMBRANE,0.626762002042901,0.6182389937106919,0.47814096016343205,0.4981132075471698
4896,GO_COATED_VESICLE,0.6590398365679264,0.5779874213836478,0.45995914198161386,0.46729559748427674
4897,GO_INTERCELLULAR_BRIDGE,0.5903983656792645,0.5559748427672956,0.4898876404494382,0.5245283018867924
4898,GO_CELL_PROJECTION_PART,0.6519918283963227,0.6559748427672956,0.475485188968335,0.6176100628930817
4899,GO_MHC_CLASS_II_PROTEIN_COMPLEX,0.5683350357507662,0.5779874213836478,0.49785495403472924,0.4861635220125786
4900,GO_KERATIN_FILAMENT,0.660367722165475,0.5716981132075472,0.45658835546475995,0.549685534591195
4901,GO_RNAI_EFFECTOR_COMPLEX,0.5048008171603676,0.49056603773584906,0.5,0.5
4902,GO_PRESYNAPSE,0.6954034729315629,0.5138364779874214,0.42063329928498466,0.6459119496855346
4903,GO_A_BAND,0.6477017364657814,0.649056603773585,0.4805924412665985,0.5861635220125786
4904,GO_NEUROMUSCULAR_JUNCTION,0.5861082737487231,0.5566037735849056,0.4858018386108274,0.5289308176100629
4905,GO_SOMATODENDRITIC_COMPARTMENT,0.7009193054136874,0.5496855345911951,0.49877425944841675,0.5522012578616352
4906,GO_PRE_AUTOPHAGOSOMAL_STRUCTURE_MEMBRANE,0.6123595505617978,0.5069182389937107,0.5,0.5
4907,GO_EXTERNAL_SIDE_OF_PLASMA_MEMBRANE,0.6755873340143004,0.6018867924528302,0.4357507660878448,0.5566037735849056
4908,GO_LYTIC_VACUOLE_MEMBRANE,0.6875383043922368,0.5081761006289308,0.43973442288049036,0.5786163522012578
4909,GO_CUL3_RING_UBIQUITIN_LIGASE_COMPLEX,0.6199182839632278,0.5830188679245283,0.46884576098059244,0.5823899371069182
4910,GO_ENVELOPE,0.6748723186925434,0.7138364779874214,0.44351378958120524,0.5471698113207547
4911,GO_PRIMARY_CILIUM,0.6609805924412666,0.5308176100628932,0.46465781409601636,0.5880503144654088
4912,GO_RUFFLE,0.6728294177732379,0.5974842767295597,0.4300306435137896,0.5679245283018868
4913,GO_WASH_COMPLEX,0.5390194075587335,0.5138364779874214,0.5,0.5
4914,GO_DENDRITE_CYTOPLASM,0.5438202247191011,0.5716981132075472,0.47528089887640457,0.5578616352201258
4915,GO_CORNIFIED_ENVELOPE,0.6321756894790602,0.5132075471698113,0.4922369765066394,0.49056603773584906
4916,GO_PERIKARYON,0.6692543411644536,0.6056603773584905,0.43166496424923395,0.6157232704402515
4917,GO_MICROBODY_PART,0.6239019407558734,0.5880503144654088,0.4943820224719101,0.49056603773584906
4918,GO_GOLGI_APPARATUS,0.6951991828396322,0.5735849056603775,0.4895812053115425,0.6157232704402515
4919,GO_NUCLEOLUS,0.7045965270684371,0.558490566037736,0.5259448416751789,0.5276729559748428
4920,GO_PERICENTRIOLAR_MATERIAL,0.5860061287027579,0.45723270440251573,0.49356486210418793,0.49056603773584906
4921,GO_TELOMERE_CAP_COMPLEX,0.5355464759959141,0.5050314465408805,0.48855975485188974,0.5138364779874214
4922,GO_NUCLEOTIDE_EXCISION_REPAIR_COMPLEX,0.5117466802860061,0.5333333333333333,0.4983656792645556,0.5144654088050314
4923,GO_NUCLEAR_PORE,0.6352400408580184,0.5484276729559748,0.4889683350357508,0.5069182389937107
4924,GO_AP_TYPE_MEMBRANE_COAT_ADAPTOR_COMPLEX,0.596935648621042,0.5528301886792453,0.47538304392236974,0.5144654088050314
4925,GO_BAF_TYPE_COMPLEX,0.5738508682328906,0.5138364779874214,0.48988764044943817,0.5144654088050314
4926,GO_MYOSIN_II_COMPLEX,0.5976506639427988,0.5672955974842767,0.4617977528089887,0.5490566037735849
4927,GO_MICROTUBULE_ORGANIZING_CENTER_PART,0.6663942798774259,0.5918238993710692,0.4344228804902962,0.5937106918238994
4928,GO_NUCLEAR_MEMBRANE,0.6329928498467824,0.6345911949685534,0.4192032686414709,0.6528301886792454
4929,GO_SWI_SNF_COMPLEX,0.5842696629213482,0.5226415094339623,0.46915219611848824,0.49559748427672956
4930,GO_CYTOPLASMIC_MICROTUBULE,0.6039836567926455,0.5710691823899371,0.4823289070480081,0.4861635220125786
4931,GO_CLATHRIN_COAT_OF_ENDOCYTIC_VESICLE,0.5841675178753831,0.5477987421383648,0.4810010214504596,0.49056603773584906
4932,GO_HOST,0.5649642492339122,0.5238993710691824,0.49785495403472924,0.5238993710691824
4933,GO_PIGMENT_GRANULE,0.6056179775280898,0.5364779874213836,0.46179775280898877,0.5371069182389937
4934,GO_EXTRINSIC_COMPONENT_OF_MEMBRANE,0.6828396322778345,0.5930817610062893,0.4567926455566905,0.6320754716981132
4935,GO_SPINDLE,0.690194075587334,0.5452830188679245,0.47477017364657814,0.4880503144654088
4936,GO_TRANSPORT_VESICLE,0.7135852911133811,0.5754716981132075,0.42420837589376914,0.5679245283018868
4937,GO_TRANSCRIPTION_ELONGATION_FACTOR_COMPLEX,0.5790602655771195,0.5207547169811321,0.4922369765066394,0.4811320754716981
4938,GO_ACTIN_FILAMENT,0.6391215526046987,0.5981132075471698,0.47201225740551583,0.5477987421383648
4939,GO_INTRINSIC_COMPONENT_OF_EXTERNAL_SIDE_OF_PLASMA_MEMBRANE,0.6007150153217568,0.5924528301886792,0.5,0.5
4940,GO_CILIARY_PLASM,0.6513789581205311,0.6949685534591195,0.43636363636363634,0.5433962264150943
4941,GO_SPERM_FLAGELLUM,0.5735444330949948,0.5716981132075472,0.48314606741573035,0.49056603773584906
4942,GO_GOLGI_LUMEN,0.6689479060265577,0.5672955974842768,0.45689479060265575,0.5798742138364781
4943,GO_ESCRT_III_COMPLEX,0.5,0.5,0.4943820224719101,0.49056603773584906
4944,GO_COHESIN_COMPLEX,0.5208375893769153,0.5572327044025157,0.4922369765066394,0.5238993710691824
4945,GO_MITOCHONDRIAL_ENVELOPE,0.6755873340143004,0.7050314465408805,0.39856996935648614,0.5383647798742138
4946,GO_RIBONUCLEOPROTEIN_COMPLEX,0.6734422880490297,0.5918238993710692,0.4650663942798774,0.5509433962264151
4947,GO_CELL_LEADING_EDGE,0.6850868232890704,0.6459119496855346,0.4706843718079673,0.539622641509434
4948,GO_CLATHRIN_COATED_ENDOCYTIC_VESICLE_MEMBRANE,0.651378958120531,0.6069182389937108,0.4615934627170582,0.4811320754716981
4949,GO_ENDOPLASMIC_RETICULUM,0.6800817160367723,0.6352201257861636,0.49448416751787533,0.7006289308176101
4950,GO_CALCIUM_CHANNEL_COMPLEX,0.6354443309499489,0.6125786163522013,0.48988764044943817,0.5314465408805031
4951,GO_TRANSLATION_PREINITIATION_COMPLEX,0.509090909090909,0.5238993710691824,0.4808988764044943,0.5238993710691824
4952,GO_MITOCHONDRIAL_PROTEIN_COMPLEX,0.5824310520939735,0.5710691823899371,0.47191011235955055,0.4716981132075472
4953,GO_MICROTUBULE_ORGANIZING_CENTER,0.6986721144024515,0.5522012578616353,0.413585291113381,0.5679245283018869
4954,GO_PROTON_TRANSPORTING_V_TYPE_ATPASE_COMPLEX,0.5782431052093974,0.5415094339622641,0.47752808988764045,0.49056603773584906
4955,GO_PROTEIN_LIPID_COMPLEX,0.634729315628192,0.590566037735849,0.4822267620020429,0.5811320754716981
4956,GO_MEMBRANE_REGION,0.6688457609805925,0.6383647798742138,0.4813074565883555,0.5220125786163522
4957,GO_NBAF_COMPLEX,0.5456588355464761,0.5157232704402516,0.481511746680286,0.5238993710691824
4958,GO_MEDIATOR_COMPLEX,0.5504596527068437,0.5477987421383648,0.49570990806945864,0.5333333333333333
4959,GO_CILIUM,0.6094994892747702,0.6446540880503144,0.4789581205311542,0.5610062893081761
4960,GO_EXTRINSIC_COMPONENT_OF_PLASMA_MEMBRANE,0.6746680286006129,0.5735849056603773,0.5397344228804903,0.6716981132075471
4961,GO_AXON_PART,0.6974463738508684,0.6522012578616352,0.493973442288049,0.5679245283018868
4962,GO_BRUSH_BORDER_MEMBRANE,0.6642492339121552,0.6050314465408806,0.4818181818181818,0.5710691823899371
4963,GO_TERMINAL_BOUTON,0.5705822267620021,0.590566037735849,0.4710929519918284,0.5371069182389937
4964,GO_ANCHORED_COMPONENT_OF_PLASMA_MEMBRANE,0.6008171603677221,0.6075471698113207,0.4866189989785495,0.4811320754716981
4965,GO_AXONEMAL_DYNEIN_COMPLEX,0.6109295199182839,0.6723270440251572,0.4620020429009193,0.5333333333333333
4966,GO_MAST_CELL_GRANULE,0.5357507660878448,0.5981132075471698,0.4810010214504596,0.5144654088050314
4967,GO_RECYCLING_ENDOSOME,0.644943820224719,0.5786163522012578,0.4985699693564863,0.5433962264150943
4968,GO_COATED_MEMBRANE,0.6631256384065373,0.6257861635220126,0.4644535240040858,0.5415094339622641
4969,GO_SYNAPSE_PART,0.6900919305413686,0.5918238993710692,0.4985699693564862,0.5364779874213836
4970,GO_EARLY_ENDOSOME,0.6611848825331972,0.6238993710691825,0.461899897854954,0.5383647798742138
4971,GO_PROTEASOME_ACCESSORY_COMPLEX,0.5195097037793667,0.4811320754716981,0.46976506639427984,0.5666666666666667
4972,GO_CYTOSOLIC_RIBOSOME,0.5671092951991829,0.580503144654088,0.48314606741573035,0.5333333333333333
4973,GO_PHOTORECEPTOR_DISC_MEMBRANE,0.5513789581205312,0.5578616352201258,0.467926455566905,0.5289308176100629
4974,GO_PROTEIN_PHOSPHATASE_TYPE_2A_COMPLEX,0.5264555669050051,0.5050314465408805,0.4863125638406537,0.5144654088050314
4975,GO_CILIARY_BASAL_BODY,0.6351378958120532,0.5893081761006289,0.442288049029622,0.6050314465408805
4976,GO_TRANS_GOLGI_NETWORK_MEMBRANE,0.6073544433094994,0.6515723270440251,0.478855975485189,0.5339622641509434
4977,GO_ENDOSOME,0.6834525025536262,0.6157232704402515,0.4613891726251277,0.5893081761006289
4978,GO_TRANSPORT_VESICLE_MEMBRANE,0.635137895812053,0.5723270440251572,0.44351378958120535,0.4949685534591195
4979,GO_NEURONAL_CELL_BODY_MEMBRANE,0.6193054136874362,0.5540880503144654,0.49622063329928495,0.5383647798742138
4980,GO_HISTONE_DEACETYLASE_COMPLEX,0.6532175689479061,0.5660377358490566,0.47752808988764045,0.4811320754716981
4981,GO_PHOTORECEPTOR_OUTER_SEGMENT,0.6468845760980593,0.7037735849056604,0.4730337078651685,0.5383647798742138
4982,GO_U12_TYPE_SPLICEOSOMAL_COMPLEX,0.5558733401430032,0.5144654088050314,0.4879468845760981,0.5238993710691824
4983,GO_BASAL_PART_OF_CELL,0.6110316649642492,0.5125786163522013,0.48100102145045964,0.4716981132075472
4984,GO_SODIUM_POTASSIUM_EXCHANGING_ATPASE_COMPLEX,0.5550561797752809,0.5622641509433962,0.4866189989785495,0.49056603773584906
4985,GO_SITE_OF_DOUBLE_STRAND_BREAK,0.5415730337078651,0.44339622641509435,0.4866189989785495,0.49056603773584906
4986,GO_PLASMA_MEMBRANE_RAFT,0.6787538304392238,0.6251572327044026,0.46322778345250254,0.5477987421383648
4987,GO_MICROBODY_LUMEN,0.5884576098059243,0.5679245283018868,0.46976506639427984,0.4949685534591195
4988,GO_FILAMENTOUS_ACTIN,0.5550561797752809,0.5672955974842767,0.5,0.5
4989,GO_METHYLOSOME,0.5181818181818182,0.49056603773584906,0.5,0.5
4990,GO_GOLGI_CISTERNA_MEMBRANE,0.6228804902962207,0.5672955974842767,0.48539325842696623,0.5232704402515723
4991,GO_PROTON_TRANSPORTING_ATP_SYNTHASE_COMPLEX,0.5125638406537283,0.5333333333333333,0.5,0.5
4992,GO_PLASMA_MEMBRANE_PROTEIN_COMPLEX,0.7122574055158325,0.638993710691824,0.5623084780388151,0.5974842767295597
4993,GO_CENTRIOLAR_SATELLITE,0.5104187946884576,0.5144654088050314,0.4595505617977527,0.5811320754716981
4994,GO_CLATHRIN_ADAPTOR_COMPLEX,0.5516853932584269,0.5465408805031446,0.4810010214504596,0.49056603773584906
4995,GO_GAP_JUNCTION,0.5589376915219613,0.5050314465408805,0.4897854954034729,0.5383647798742138
4996,GO_DERLIN_1_RETROTRANSLOCATION_COMPLEX,0.5216547497446373,0.49056603773584906,0.4922369765066394,0.49056603773584906
4997,GO_PLATELET_DENSE_GRANULE,0.5998978549540348,0.5540880503144654,0.49785495403472924,0.5238993710691824
4998,GO_DENSE_CORE_GRANULE,0.5286006128702757,0.4811320754716981,0.5,0.5
4999,GO_SYNAPTIC_MEMBRANE,0.7116445352400409,0.6943396226415094,0.4657814096016344,0.5283018867924528
5000,GO_EXOCYTIC_VESICLE_MEMBRANE,0.62073544433095,0.559748427672956,0.5,0.5
5001,GO_ACETYLTRANSFERASE_COMPLEX,0.6548518896833504,0.5270440251572327,0.46108273748723183,0.6025157232704402
5002,GO_ANCHORED_COMPONENT_OF_MEMBRANE,0.6770173646578139,0.5968553459119497,0.4578140960163432,0.5226415094339623
5003,GO_MHC_CLASS_I_PROTEIN_COMPLEX,0.5160367722165474,0.49056603773584906,0.4887640449438202,0.49056603773584906
5004,GO_DENDRITE,0.6993871297242084,0.620125786163522,0.5427987742594484,0.5559748427672956
5005,GO_NUCLEAR_UBIQUITIN_LIGASE_COMPLEX,0.6092951991828396,0.5050314465408805,0.46976506639427984,0.4811320754716981
5006,GO_ORGANELLE_SUBCOMPARTMENT,0.7154239019407558,0.5930817610062893,0.45413687436159345,0.5949685534591196
5007,GO_CLATHRIN_COAT_OF_TRANS_GOLGI_NETWORK_VESICLE,0.5506639427987743,0.4811320754716981,0.47538304392236974,0.5144654088050314
5008,GO_CHYLOMICRON,0.6050051072522983,0.529559748427673,0.4943820224719101,0.5333333333333333
5009,GO_PRIMARY_LYSOSOME,0.5654749744637385,0.5716981132075472,0.4922369765066394,0.5333333333333333
5010,GO_TRIGLYCERIDE_RICH_LIPOPROTEIN_PARTICLE,0.5963227783452503,0.5433962264150943,0.4887640449438202,0.5238993710691824
5011,GO_ENDOPLASMIC_RETICULUM_SUBCOMPARTMENT,0.5853932584269664,0.560377358490566,0.5,0.5
5012,GO_COLLAGEN_TRIMER,0.7072522982635342,0.5647798742138366,0.4927477017364658,0.5289308176100629
5013,GO_SMALL_NUCLEAR_RIBONUCLEOPROTEIN_COMPLEX,0.604494382022472,0.4591194968553459,0.48590398365679266,0.5383647798742138
5014,GO_CYCLIN_DEPENDENT_PROTEIN_KINASE_HOLOENZYME_COMPLEX,0.5506639427987743,0.5050314465408805,0.4842696629213483,0.5144654088050314
5015,GO_VACUOLAR_MEMBRANE,0.6843718079673136,0.5,0.4477017364657814,0.5937106918238994
5016,GO_CYCLIC_NUCLEOTIDE_PHOSPHODIESTERASE_ACTIVITY,0.5827374872318694,0.5842767295597484,0.4519918283963228,0.5383647798742138
5017,GO_PROTEIN_SERINE_THREONINE_TYROSINE_KINASE_ACTIVITY,0.5974463738508682,0.5314465408805031,0.48314606741573035,0.49056603773584906
5018,GO_HYDROLASE_ACTIVITY_ACTING_ON_CARBON_NITROGEN_BUT_NOT_PEPTIDE_BONDS_IN_CYCLIC_AMIDINES,0.5776302349336058,0.5591194968553459,0.4810010214504596,0.49056603773584906
5019,GO_5_3_EXONUCLEASE_ACTIVITY,0.5216547497446373,0.49056603773584906,0.5,0.5
5020,GO_POLYUBIQUITIN_BINDING,0.5772216547497446,0.4981132075471698,0.4983656792645556,0.5465408805031446
5021,GO_COFACTOR_TRANSPORTER_ACTIVITY,0.5463738508682329,0.5886792452830188,0.49570990806945864,0.5333333333333333
5022,GO_BETA_CATENIN_BINDING,0.6496424923391215,0.5220125786163522,0.4748723186925434,0.5647798742138365
5023,GO_UDP_GALACTOSYLTRANSFERASE_ACTIVITY,0.5409601634320735,0.5069182389937107,0.4689479060265577,0.5477987421383648
5024,GO_MITOGEN_ACTIVATED_PROTEIN_KINASE_BINDING,0.5961184882533197,0.48867924528301887,0.49540347293156284,0.5672955974842767
5025,GO_PHOSPHATE_TRANSMEMBRANE_TRANSPORTER_ACTIVITY,0.5393258426966292,0.5490566037735849,0.4887640449438202,0.5333333333333333
5026,GO_PEPTIDASE_ACTIVITY,0.7017364657814096,0.5333333333333334,0.4860061287027579,0.5540880503144654
5027,GO_IMMUNOGLOBULIN_BINDING,0.5390194075587335,0.5144654088050314,0.46976506639427984,0.49056603773584906
5028,GO_PROTEIN_KINASE_A_REGULATORY_SUBUNIT_BINDING,0.5585291113381001,0.48050314465408805,0.5,0.5
5029,GO_SIGNAL_TRANSDUCER_ACTIVITY,0.6771195097037793,0.6471698113207547,0.5078651685393258,0.5886792452830188
5030,GO_MHC_PROTEIN_COMPLEX_BINDING,0.5564862104187948,0.5628930817610063,0.4866189989785495,0.49056603773584906
5031,GO_IONOTROPIC_GLUTAMATE_RECEPTOR_BINDING,0.6306435137895812,0.6257861635220126,0.5,0.5
5032,GO_UBIQUITIN_LIKE_PROTEIN_TRANSFERASE_ACTIVITY,0.6983656792645557,0.549685534591195,0.4464759959141981,0.578616352201258
5033,GO_TRANSMEMBRANE_RECEPTOR_PROTEIN_KINASE_ACTIVITY,0.676200204290092,0.6075471698113208,0.4545454545454545,0.48050314465408805
5034,GO_SMAD_BINDING,0.6806945863125637,0.6201257861635221,0.47191011235955055,0.49056603773584906
5035,GO_SYNTAXIN_1_BINDING,0.5910112359550562,0.5610062893081761,0.5,0.5
5036,GO_LONG_CHAIN_FATTY_ACID_BINDING,0.5567926455566905,0.5471698113207547,0.4810010214504596,0.5144654088050314
5037,GO_ACETYLGALACTOSAMINYLTRANSFERASE_ACTIVITY,0.5697650663942799,0.5647798742138365,0.4831460674157303,0.4811320754716981
5038,GO_OXIDOREDUCTASE_ACTIVITY_ACTING_ON_THE_ALDEHYDE_OR_OXO_GROUP_OF_DONORS_NAD_OR_NADP_AS_ACCEPTOR,0.5724208375893769,0.5113207547169811,0.4758937691521961,0.5289308176100629
5039,GO_ACTIVE_ION_TRANSMEMBRANE_TRANSPORTER_ACTIVITY,0.6795709908069459,0.6012578616352202,0.47262512768130743,0.5515723270440251
5040,GO_CYTOKINE_BINDING,0.6258426966292134,0.6069182389937107,0.44157303370786516,0.6245283018867924
5041,GO_NEUROTRANSMITTER_BINDING,0.6011235955056181,0.5308176100628931,0.48314606741573035,0.4811320754716981
5042,GO_OLFACTORY_RECEPTOR_ACTIVITY,0.7272727272727273,0.6295597484276729,0.4850868232890705,0.5830188679245283
5043,GO_SERINE_TYPE_EXOPEPTIDASE_ACTIVITY,0.556179775280899,0.5477987421383648,0.4991828396322778,0.5333333333333333
5044,GO_3_5_CYCLIC_AMP_PHOSPHODIESTERASE_ACTIVITY,0.5718079673135852,0.5427672955974843,0.4794688457609806,0.6050314465408805
5045,GO_VOLTAGE_GATED_ION_CHANNEL_ACTIVITY,0.6386108273748723,0.5264150943396226,0.43084780388151167,0.49245283018867925
5046,GO_PHOSPHATIDYLINOSITOL_3_5_BISPHOSPHATE_BINDING,0.5801838610827375,0.5679245283018868,0.4887640449438202,0.4811320754716981
5047,GO_PROTEIN_KINASE_C_BINDING,0.6372829417773238,0.5264150943396226,0.4823289070480081,0.6050314465408805
5048,GO_BETA_2_MICROGLOBULIN_BINDING,0.5900919305413688,0.49559748427672956,0.478855975485189,0.5572327044025157
5049,GO_PROTEIN_COMPLEX_SCAFFOLD,0.6446373850868231,0.5465408805031446,0.4782431052093974,0.5069182389937107
5050,GO_HEAT_SHOCK_PROTEIN_BINDING,0.6059244126659858,0.48867924528301887,0.4583248212461695,0.5415094339622641
5051,GO_PHOSPHOPROTEIN_BINDING,0.6354443309499489,0.5691823899371069,0.4786516853932585,0.5622641509433962
5052,GO_GTPASE_ACTIVITY,0.6527068437180796,0.6088050314465409,0.4550561797752809,0.39622641509433965
5053,GO_AMINO_ACID_BINDING,0.638815117466803,0.5767295597484278,0.42676200204290093,0.4540880503144654
5054,GO_OXIDOREDUCTASE_ACTIVITY_ACTING_ON_THE_CH_CH_GROUP_OF_DONORS,0.5899897854954035,0.5119496855345912,0.4810010214504596,0.5144654088050314
5055,GO_OXIDOREDUCTASE_ACTIVITY_ACTING_ON_A_HEME_GROUP_OF_DONORS,0.5213483146067415,0.4811320754716981,0.49785495403472924,0.49056603773584906
5056,GO_QUINONE_BINDING,0.5286006128702758,0.6069182389937107,0.49009193054136874,0.49056603773584906
5057,GO_G_PROTEIN_ALPHA_SUBUNIT_BINDING,0.5981613891726251,0.540251572327044,0.5,0.5
5058,GO_MITOGEN_ACTIVATED_PROTEIN_KINASE_KINASE_BINDING,0.5454545454545454,0.6238993710691824,0.473953013278856,0.5157232704402516
5059,GO_PEPTIDASE_REGULATOR_ACTIVITY,0.6998978549540348,0.6773584905660377,0.4590398365679264,0.6238993710691825
5060,GO_CYTOSKELETAL_PROTEIN_BINDING,0.7001021450459654,0.6591194968553459,0.48273748723186927,0.6402515723270441
5061,GO_VITAMIN_TRANSPORTER_ACTIVITY,0.5344228804902961,0.5955974842767295,0.47538304392236974,0.5238993710691824
5062,GO_TRANSFERASE_ACTIVITY_TRANSFERRING_SULFUR_CONTAINING_GROUPS,0.6511746680286006,0.5528301886792453,0.4759959141981614,0.5666666666666667
5063,GO_CYCLASE_ACTIVITY,0.6300306435137896,0.5320754716981132,0.4866189989785495,0.5333333333333333
5064,GO_PROTEIN_SELF_ASSOCIATION,0.5968335035750766,0.5584905660377358,0.4919305413687436,0.48930817610062893
5065,GO_CYSTEINE_TYPE_PEPTIDASE_ACTIVITY,0.6804902962206334,0.489937106918239,0.42676200204290093,0.5062893081761006
5066,GO_LIPID_TRANSPORTER_ACTIVITY,0.6843718079673136,0.5949685534591196,0.48386108273748724,0.6314465408805031
5067,GO_ENDODEOXYRIBONUCLEASE_ACTIVITY_PRODUCING_5_PHOSPHOMONOESTERS,0.5160367722165474,0.49056603773584906,0.4922369765066394,0.5144654088050314
5068,GO_SULFUR_COMPOUND_TRANSMEMBRANE_TRANSPORTER_ACTIVITY,0.5744637385086823,0.5578616352201258,0.49060265577119505,0.5528301886792453
5069,GO_DNA_POLYMERASE_ACTIVITY,0.5595505617977529,0.48050314465408805,0.48508682328907055,0.5320754716981132
5070,GO_HISTONE_BINDING,0.6877425944841675,0.6138364779874214,0.4465781409601634,0.5610062893081761
5071,GO_UBIQUITIN_LIKE_PROTEIN_BINDING,0.6532175689479061,0.5610062893081761,0.4756894790602656,0.5383647798742138
5072,GO_DNA_BINDING_BENDING,0.5457609805924413,0.48930817610062893,0.48314606741573035,0.49056603773584906
5073,GO_RNA_METHYLTRANSFERASE_ACTIVITY,0.5733401430030644,0.5289308176100629,0.49009193054136874,0.4811320754716981
5074,GO_CYCLIC_NUCLEOTIDE_GATED_ION_CHANNEL_ACTIVITY,0.5870275791624107,0.540251572327044,0.48110316649642487,0.5383647798742138
5075,GO_NARROW_PORE_CHANNEL_ACTIVITY,0.5201225740551584,0.540251572327044,0.46292134831460674,0.5138364779874214
5076,GO_STEROID_DEHYDROGENASE_ACTIVITY,0.5660878447395301,0.6490566037735849,0.4732379979570991,0.5238993710691824
5077,GO_BHLH_TRANSCRIPTION_FACTOR_BINDING,0.5631256384065374,0.5924528301886792,0.5,0.5
5078,GO_G_PROTEIN_COUPLED_NEUROTRANSMITTER_RECEPTOR_ACTIVITY,0.5728294177732379,0.5836477987421383,0.4866189989785495,0.49056603773584906
5079,GO_METHYLATED_HISTONE_BINDING,0.5756894790602655,0.5823899371069182,0.46813074565883556,0.5050314465408805
5080,GO_ATP_DEPENDENT_DNA_HELICASE_ACTIVITY,0.6038815117466803,0.5320754716981132,0.4732379979570991,0.49056603773584906
5081,GO_PURINE_NTP_DEPENDENT_HELICASE_ACTIVITY,0.6724208375893769,0.5754716981132075,0.4535240040858018,0.5509433962264151
5082,GO_PROTEIN_BINDING_INVOLVED_IN_CELL_ADHESION,0.5967313585291113,0.529559748427673,0.4879468845760981,0.6383647798742138
5083,GO_FIBROBLAST_GROWTH_FACTOR_RECEPTOR_BINDING,0.6043922369765067,0.569811320754717,0.4961184882533197,0.5666666666666667
5084,GO_VOLTAGE_GATED_ANION_CHANNEL_ACTIVITY,0.5765066394279876,0.5050314465408805,0.4866189989785495,0.49056603773584906
5085,GO_RNA_POLYMERASE_II_TRANSCRIPTION_COREPRESSOR_ACTIVITY,0.5694586312563841,0.4949685534591195,0.4922369765066394,0.5333333333333333
5086,GO_PHOSPHATASE_INHIBITOR_ACTIVITY,0.5633299284984679,0.5389937106918239,0.4922369765066394,0.5333333333333333
5087,GO_MAGNESIUM_ION_BINDING,0.6910112359550562,0.6352201257861636,0.48059244126659856,0.5314465408805031
5088,GO_DNA_SECONDARY_STRUCTURE_BINDING,0.5299284984678243,0.5578616352201258,0.49570990806945864,0.5666666666666667
5089,GO_SULFUR_COMPOUND_BINDING,0.673953013278856,0.5352201257861635,0.4488253319713994,0.47924528301886793
5090,GO_SIGNAL_SEQUENCE_BINDING,0.5484167517875383,0.4716981132075472,0.46976506639427984,0.5050314465408805
5091,GO_OXIDOREDUCTASE_ACTIVITY_ACTING_ON_THE_CH_OH_GROUP_OF_DONORS_NAD_OR_NADP_AS_ACCEPTOR,0.6460674157303371,0.6062893081761006,0.43054136874361587,0.539622641509434
5092,GO_SYNTAXIN_BINDING,0.6723186925434116,0.5974842767295597,0.4475995914198161,0.6031446540880503
5093,GO_HEPARAN_SULFATE_SULFOTRANSFERASE_ACTIVITY,0.586414708886619,0.6220125786163522,0.49570990806945864,0.5238993710691824
5094,GO_PHOSPHATIDYLINOSITOL_PHOSPHATE_PHOSPHATASE_ACTIVITY,0.5908069458631257,0.5628930817610063,0.49622063329928495,0.5572327044025157
5095,GO_CARBOHYDRATE_BINDING,0.7303370786516854,0.5968553459119497,0.4171603677221655,0.5415094339622641
5096,GO_TAU_PROTEIN_BINDING,0.5104187946884576,0.5333333333333333,0.4887640449438202,0.4811320754716981
5097,GO_ACYLGLYCEROL_O_ACYLTRANSFERASE_ACTIVITY,0.581511746680286,0.5578616352201258,0.5,0.5
5098,GO_COMPLEMENT_BINDING,0.5657814096016344,0.5213836477987421,0.4633299284984678,0.5622641509433962
5099,GO_HORMONE_RECEPTOR_BINDING,0.6752808988764044,0.6037735849056604,0.4576098059244127,0.5333333333333333
5100,GO_DIVALENT_INORGANIC_CATION_TRANSMEMBRANE_TRANSPORTER_ACTIVITY,0.6650663942798775,0.5610062893081761,0.47875383043922365,0.5320754716981132
5101,GO_PROTEIN_HETERODIMERIZATION_ACTIVITY,0.6755873340143004,0.6314465408805032,0.4908069458631256,0.5597484276729561
5102,GO_PROTEIN_PHOSPHATASE_BINDING,0.6439223697650664,0.5427672955974843,0.512461695607763,0.48742138364779874
5103,GO_MONOVALENT_INORGANIC_CATION_TRANSMEMBRANE_TRANSPORTER_ACTIVITY,0.7071501532175689,0.529559748427673,0.4924412665985699,0.5911949685534591
5104,GO_3_5_CYCLIC_GMP_PHOSPHODIESTERASE_ACTIVITY,0.5696629213483146,0.6157232704402515,0.49356486210418793,0.4811320754716981
5105,GO_VOLTAGE_GATED_CATION_CHANNEL_ACTIVITY,0.6820224719101122,0.560377358490566,0.4493360572012257,0.4861635220125786
5106,GO_PROTEIN_TYROSINE_KINASE_ACTIVITY,0.6995914198161388,0.5943396226415094,0.4424923391215526,0.590566037735849
5107,GO_TRANSMITTER_GATED_CHANNEL_ACTIVITY,0.6103166496424924,0.540251572327044,0.4726251276813075,0.5672955974842767
5108,GO_PROTEIN_DEACETYLASE_ACTIVITY,0.6080694586312564,0.5377358490566038,0.4887640449438202,0.5333333333333333
5109,GO_ENDONUCLEASE_ACTIVITY_ACTIVE_WITH_EITHER_RIBO_OR_DEOXYRIBONUCLEIC_ACIDS_AND_PRODUCING_3_PHOSPHOMONOESTERS,0.5195097037793667,0.5333333333333333,0.49570990806945864,0.49056603773584906
5110,GO_SODIUM_AMINO_ACID_SYMPORTER_ACTIVITY,0.5911133810010214,0.5157232704402516,0.5,0.5
5111,GO_FATTY_ACYL_COA_BINDING,0.5484167517875383,0.4981132075471698,0.4752808988764045,0.5477987421383648
5112,GO_PHOSPHATIDYLINOSITOL_3_5_BISPHOSPHATE_3_PHOSPHATASE_ACTIVITY,0.5542390194075587,0.5050314465408805,0.5,0.5
5113,GO_TRANSCRIPTIONAL_ACTIVATOR_ACTIVITY_RNA_POLYMERASE_II_DISTAL_ENHANCER_SEQUENCE_SPECIFIC_BINDING,0.5583248212461696,0.5371069182389937,0.47538304392236974,0.5333333333333333
5114,GO_CYCLIN_BINDING,0.5597548518896833,0.5666666666666667,0.4922369765066394,0.49056603773584906
5115,GO_ACID_AMINO_ACID_LIGASE_ACTIVITY,0.5355464759959141,0.5050314465408805,0.48314606741573035,0.49056603773584906
5116,GO_OXIDOREDUCTASE_ACTIVITY_ACTING_ON_NAD_P_H,0.5846782431052094,0.580503144654088,0.5,0.5
5117,GO_CORE_PROMOTER_BINDING,0.6867211440245149,0.5188679245283019,0.4551583248212462,0.5635220125786163
5118,GO_NEUROPEPTIDE_RECEPTOR_BINDING,0.5941777323799796,0.5314465408805031,0.4879468845760981,0.5333333333333333
5119,GO_RETINOIC_ACID_BINDING,0.5912155260469868,0.5006289308176101,0.5,0.5
5120,GO_DIACYLGLYCEROL_KINASE_ACTIVITY,0.5299284984678243,0.5477987421383648,0.49570990806945864,0.5238993710691824
5121,GO_STEROID_BINDING,0.6699693564862104,0.5484276729559748,0.447191011235955,0.5786163522012578
5122,GO_LEUCINE_ZIPPER_DOMAIN_BINDING,0.5398365679264555,0.5238993710691824,0.47752808988764045,0.5144654088050314
5123,GO_PHOSPHATIDYLINOSITOL_5_PHOSPHATE_BINDING,0.5386108273748723,0.48553459119496856,0.5,0.5
5124,GO_I_SMAD_BINDING,0.5802860061287027,0.5144654088050314,0.4914198161389173,0.49056603773584906
5125,GO_ENHANCER_BINDING,0.6715015321756895,0.5459119496855346,0.43595505617977526,0.5716981132075472
5126,GO_DEMETHYLASE_ACTIVITY,0.6078651685393257,0.4949685534591195,0.46281920326864145,0.4716981132075472
5127,GO_RAC_GUANYL_NUCLEOTIDE_EXCHANGE_FACTOR_ACTIVITY,0.6122574055158325,0.5610062893081761,0.5,0.5
5128,GO_PROTEIN_BINDING_INVOLVED_IN_PROTEIN_FOLDING,0.5048008171603676,0.46226415094339623,0.48569969356486214,0.5314465408805031
5129,GO_KINASE_INHIBITOR_ACTIVITY,0.615423901940756,0.5735849056603773,0.47742594484167516,0.5138364779874214
5130,GO_PHOTORECEPTOR_ACTIVITY,0.5216547497446373,0.5333333333333333,0.4866189989785495,0.5333333333333333
5131,GO_CYTOSKELETAL_ADAPTOR_ACTIVITY,0.6266598569969357,0.6761006289308177,0.47160367722165475,0.560377358490566
5132,GO_TRANSCRIPTION_FACTOR_ACTIVITY_DIRECT_LIGAND_REGULATED_SEQUENCE_SPECIFIC_DNA_BINDING,0.613585291113381,0.5981132075471698,0.4842696629213483,0.5050314465408805
5133,GO_RACEMASE_AND_EPIMERASE_ACTIVITY,0.5,0.5,0.4844739530132789,0.5182389937106918
5134,GO_PROTEIN_LIPID_COMPLEX_BINDING,0.5568947906026558,0.5006289308176101,0.4841675178753831,0.5383647798742138
5135,GO_CARBOXY_LYASE_ACTIVITY,0.5674157303370786,0.6257861635220126,0.5,0.5
5136,GO_MIRNA_BINDING,0.5334014300306436,0.49056603773584906,0.47191011235955055,0.5144654088050314
5137,GO_ESTROGEN_RECEPTOR_BINDING,0.6071501532175689,0.6226415094339622,0.4588355464759959,0.540251572327044
5138,GO_TRANSCRIPTIONAL_REPRESSOR_ACTIVITY_RNA_POLYMERASE_II_TRANSCRIPTION_REGULATORY_REGION_SEQUENCE_SPECIFIC_BINDING,0.6242083758937691,0.5421383647798742,0.44729315628192035,0.5037735849056604
5139,GO_UBIQUITIN_UBIQUITIN_LIGASE_ACTIVITY,0.5104187946884576,0.4716981132075472,0.4922369765066394,0.49056603773584906
5140,GO_FMN_BINDING,0.5784473953013278,0.5981132075471698,0.4991828396322778,0.5238993710691824
5141,GO_ADENYLYLTRANSFERASE_ACTIVITY,0.5419816138917262,0.5666666666666667,0.4844739530132789,0.5238993710691824
5142,GO_ATPASE_ACTIVITY_COUPLED,0.6976506639427987,0.5867924528301888,0.5101123595505618,0.5566037735849056
5143,GO_S_ACYLTRANSFERASE_ACTIVITY,0.5,0.5,0.4922369765066394,0.49056603773584906
5144,GO_ANKYRIN_BINDING,0.6462717058222677,0.5232704402515723,0.5,0.5
5145,GO_PROTEASOME_BINDING,0.5256384065372829,0.4861635220125786,0.4922369765066394,0.49056603773584906
5146,GO_DNA_N_GLYCOSYLASE_ACTIVITY,0.5202247191011237,0.5477987421383648,0.4922369765066394,0.49056603773584906
5147,GO_PHOSPHATIDYLINOSITOL_MONOPHOSPHATE_PHOSPHATASE_ACTIVITY,0.553626149131767,0.4861635220125786,0.5,0.5
5148,GO_PROTEIN_DIMERIZATION_ACTIVITY,0.6736465781409602,0.5188679245283019,0.46547497446373853,0.6194968553459119
5149,GO_TRANSFERASE_ACTIVITY_TRANSFERRING_ALKYL_OR_ARYL_OTHER_THAN_METHYL_GROUPS,0.5588355464759959,0.4528301886792453,0.4866189989785495,0.46226415094339623
5150,GO_UNFOLDED_PROTEIN_BINDING,0.5584269662921348,0.46226415094339623,0.4620020429009193,0.5138364779874214
5151,GO_POLY_A_BINDING,0.546782431052094,0.510062893081761,0.4858018386108274,0.4716981132075472
5152,GO_ATPASE_ACTIVATOR_ACTIVITY,0.5152196118488254,0.5238993710691824,0.4810010214504596,0.4811320754716981
5153,GO_CARBOHYDRATE_PHOSPHATASE_ACTIVITY,0.5191011235955056,0.5238993710691824,0.4866189989785495,0.49056603773584906
5154,GO_VIRUS_RECEPTOR_ACTIVITY,0.6079673135852911,0.5125786163522013,0.439632277834525,0.5893081761006289
5155,GO_NUCLEOSOME_BINDING,0.6023493360572013,0.4949685534591195,0.4865168539325842,0.5050314465408805
5156,GO_UBIQUITIN_LIKE_PROTEIN_CONJUGATING_ENZYME_ACTIVITY,0.5334014300306436,0.5088050314465409,0.5,0.5
5157,GO_ATP_DEPENDENT_MICROTUBULE_MOTOR_ACTIVITY,0.5668028600612869,0.6025157232704402,0.4991828396322778,0.5666666666666667
5158,GO_C2H2_ZINC_FINGER_DOMAIN_BINDING,0.554749744637385,0.5572327044025157,0.4662921348314607,0.5238993710691824
5159,GO_CALCIUM_ACTIVATED_POTASSIUM_CHANNEL_ACTIVITY,0.5530132788559755,0.6817610062893082,0.5,0.5
5160,GO_ACTIN_BINDING,0.6753830439223698,0.570440251572327,0.4738508682328907,0.5515723270440251
5161,GO_PHOSPHATIDYLINOSITOL_4_5_BISPHOSPHATE_BINDING,0.6255362614913177,0.5050314465408805,0.4879468845760981,0.46226415094339623
5162,GO_PRENYLTRANSFERASE_ACTIVITY,0.5342185903983656,0.4716981132075472,0.49785495403472924,0.49056603773584906
5163,GO_ANION_CATION_SYMPORTER_ACTIVITY,0.7264555669050051,0.6069182389937107,0.4789581205311542,0.4628930817610063
5164,GO_LYSINE_ACETYLATED_HISTONE_BINDING,0.6193054136874362,0.5471698113207547,0.4760980592441266,0.5289308176100629
5165,GO_PEPTIDE_HORMONE_RECEPTOR_BINDING,0.5943820224719102,0.5559748427672956,0.5,0.5
5166,GO_INORGANIC_ANION_TRANSMEMBRANE_TRANSPORTER_ACTIVITY,0.7235955056179776,0.5176100628930818,0.48130745658835544,0.520125786163522
5167,GO_PROTEIN_KINASE_A_BINDING,0.6243105209397344,0.5987421383647799,0.4887640449438202,0.49056603773584906
5168,GO_MANNOSIDASE_ACTIVITY,0.5942798774259449,0.4761006289308176,0.4914198161389173,0.5477987421383648
5169,GO_KINASE_BINDING,0.65097037793667,0.5207547169811321,0.44790602655771194,0.6056603773584905
5170,GO_METAL_ION_TRANSMEMBRANE_TRANSPORTER_ACTIVITY,0.723799795709908,0.5471698113207547,0.548314606741573,0.6465408805031446
5171,GO_COA_HYDROLASE_ACTIVITY,0.5373850868232891,0.6,0.48314606741573035,0.5333333333333333
5172,GO_ADRENERGIC_RECEPTOR_ACTIVITY,0.5916241062308478,0.5911949685534591,0.4887640449438202,0.49056603773584906
5173,GO_GATED_CHANNEL_ACTIVITY,0.6958120531154239,0.7031446540880502,0.483758937691522,0.6364779874213836
5174,GO_RNA_DNA_HYBRID_RIBONUCLEASE_ACTIVITY,0.5,0.5,0.5,0.5
5175,GO_HISTONE_DEACETYLASE_BINDING,0.6279877425944842,0.5264150943396226,0.4730337078651685,0.46226415094339623
5176,GO_ACTIN_FILAMENT_BINDING,0.6413687436159347,0.6333333333333333,0.4677221654749744,0.549685534591195
5177,GO_HYDROLASE_ACTIVITY_ACTING_ON_CARBON_NITROGEN_BUT_NOT_PEPTIDE_BONDS_IN_LINEAR_AMIDINES,0.5713993871297242,0.5578616352201258,0.4970377936670072,0.5238993710691824
5178,GO_PROTEIN_KINASE_ACTIVITY,0.7287027579162411,0.5446540880503145,0.4900919305413687,0.5962264150943396
5179,GO_HEPARIN_BINDING,0.6474974463738509,0.5742138364779874,0.4736465781409601,0.6088050314465409
5180,GO_EPIDERMAL_GROWTH_FACTOR_RECEPTOR_BINDING,0.5713993871297243,0.5427672955974843,0.5,0.5
5181,GO_LOW_DENSITY_LIPOPROTEIN_PARTICLE_BINDING,0.5831460674157304,0.5283018867924528,0.49775280898876406,0.5477987421383648
5182,GO_SERINE_HYDROLASE_ACTIVITY,0.6697650663942798,0.6257861635220127,0.4625127681307457,0.5880503144654088
5183,GO_TRANSMEMBRANE_RECEPTOR_PROTEIN_TYROSINE_KINASE_ACTIVITY,0.6802860061287028,0.529559748427673,0.459244126659857,0.5459119496855346
5184,GO_WNT_PROTEIN_BINDING,0.5789581205311543,0.580503144654088,0.49785495403472924,0.49056603773584906
5185,GO_TRANSFERASE_ACTIVITY_TRANSFERRING_HEXOSYL_GROUPS,0.7210418794688457,0.5138364779874214,0.46271705822267617,0.5276729559748428
5186,GO_ARYL_SULFOTRANSFERASE_ACTIVITY,0.5367722165474974,0.5572327044025157,0.4810010214504596,0.5333333333333333
5187,GO_PROTEIN_SERINE_THREONINE_PHOSPHATASE_INHIBITOR_ACTIVITY,0.537691521961185,0.5232704402515723,0.4922369765066394,0.5238993710691824
5188,GO_HYDRO_LYASE_ACTIVITY,0.5825331971399387,0.6672955974842767,0.47538304392236974,0.5050314465408805
5189,GO_TRANSLATION_INITIATION_FACTOR_ACTIVITY,0.5307456588355465,0.49056603773584906,0.46404494382022465,0.5578616352201258
5190,GO_LIPOPROTEIN_PARTICLE_RECEPTOR_BINDING,0.6050051072522983,0.529559748427673,0.5,0.5
5191,GO_LIGAND_GATED_CHANNEL_ACTIVITY,0.6533197139938713,0.6433962264150943,0.491726251276813,0.46540880503144655
5192,GO_RHO_GTPASE_BINDING,0.6330949948927477,0.610062893081761,0.4745658835546476,0.5144654088050314
5193,GO_PROTEIN_HOMODIMERIZATION_ACTIVITY,0.7096016343207355,0.6201257861635221,0.42829417773238,0.5842767295597484
5194,GO_POLY_PYRIMIDINE_TRACT_BINDING,0.5216547497446373,0.5238993710691824,0.48314606741573035,0.5333333333333333
5195,GO_PROTEIN_PHOSPHORYLATED_AMINO_ACID_BINDING,0.5932584269662922,0.5383647798742138,0.49182839632277836,0.5572327044025157
5196,GO_COLLAGEN_BINDING,0.6234933605720123,0.5276729559748428,0.5057201225740551,0.5742138364779874
5197,GO_REGULATORY_REGION_NUCLEIC_ACID_BINDING,0.7196118488253319,0.5226415094339623,0.45791624106230844,0.5333333333333333
5198,GO_TRIGLYCERIDE_LIPASE_ACTIVITY,0.5874361593462718,0.5911949685534591,0.4922369765066394,0.49056603773584906
5199,GO_N_METHYLTRANSFERASE_ACTIVITY,0.6148110316649642,0.5025157232704403,0.4949948927477017,0.49559748427672956
5200,GO_TRANSCRIPTIONAL_ACTIVATOR_ACTIVITY_RNA_POLYMERASE_II_TRANSCRIPTION_REGULATORY_REGION_SEQUENCE_SPECIFIC_BINDING,0.6944841675178753,0.6012578616352202,0.46721144024514805,0.6628930817610064
5201,GO_L_AMINO_ACID_TRANSMEMBRANE_TRANSPORTER_ACTIVITY,0.655464759959142,0.5685534591194968,0.5005107252298263,0.5666666666666667
5202,GO_ACETYLCHOLINE_RECEPTOR_ACTIVITY,0.6097037793667006,0.6069182389937107,0.4810010214504596,0.5050314465408805
5203,GO_CALCIUM_ACTIVATED_CATION_CHANNEL_ACTIVITY,0.6089887640449438,0.6371069182389937,0.4914198161389173,0.5238993710691824
5204,GO_KINASE_REGULATOR_ACTIVITY,0.6608784473953013,0.5006289308176101,0.47374872318692546,0.5383647798742138
5205,GO_ENDONUCLEASE_ACTIVITY_ACTIVE_WITH_EITHER_RIBO_OR_DEOXYRIBONUCLEIC_ACIDS_AND_PRODUCING_5_PHOSPHOMONOESTERS,0.5117466802860061,0.5144654088050314,0.4887640449438202,0.5333333333333333
5206,GO_CARBOXYPEPTIDASE_ACTIVITY,0.6248212461695607,0.5088050314465409,0.4844739530132789,0.530188679245283
5207,GO_ATPASE_REGULATOR_ACTIVITY,0.5493360572012258,0.5477987421383648,0.49009193054136874,0.5238993710691824
5208,GO_PHOSPHATIDYLINOSITOL_PHOSPHATE_BINDING,0.6466802860061286,0.6874213836477987,0.4823289070480081,0.5477987421383648
5209,GO_GTPASE_INHIBITOR_ACTIVITY,0.5408580183861083,0.6383647798742138,0.49570990806945864,0.49056603773584906
5210,GO_PHOSPHATIDYLINOSITOL_PHOSPHATE_5_PHOSPHATASE_ACTIVITY,0.5945863125638406,0.5610062893081761,0.49785495403472924,0.49056603773584906
5211,GO_ATPASE_ACTIVITY_COUPLED_TO_TRANSMEMBRANE_MOVEMENT_OF_IONS_PHOSPHORYLATIVE_MECHANISM,0.6088866189989786,0.5937106918238994,0.4752808988764045,0.5050314465408805
5212,GO_GLUCOSIDASE_ACTIVITY,0.6075587334014301,0.5345911949685535,0.4922369765066394,0.49056603773584906
5213,GO_ORGANIC_HYDROXY_COMPOUND_TRANSMEMBRANE_TRANSPORTER_ACTIVITY,0.7030643513789581,0.5937106918238994,0.48937691521961185,0.5144654088050314
5214,GO_EXTRACELLULAR_MATRIX_STRUCTURAL_CONSTITUENT,0.6833503575076608,0.5251572327044025,0.4511746680286006,0.6163522012578616
5215,GO_SOLUTE_PROTON_ANTIPORTER_ACTIVITY,0.5759959141981614,0.48050314465408805,0.4757916241062308,0.5572327044025157
5216,GO_ACIDIC_AMINO_ACID_TRANSMEMBRANE_TRANSPORTER_ACTIVITY,0.5804902962206333,0.6069182389937107,0.5,0.5
5217,GO_ENDORIBONUCLEASE_ACTIVITY_PRODUCING_5_PHOSPHOMONOESTERS,0.5326864147088867,0.5289308176100629,0.4810010214504596,0.5238993710691824
5218,GO_LYSOPHOSPHOLIPASE_ACTIVITY,0.5360572012257405,0.5050314465408805,0.48314606741573035,0.49056603773584906
5219,GO_ADRENERGIC_RECEPTOR_BINDING,0.5696629213483145,0.5289308176100629,0.4438202247191011,0.4981132075471698
5220,GO_NUCLEOSIDE_DIPHOSPHATASE_ACTIVITY,0.5456588355464761,0.6,0.5,0.5
5221,GO_ACETYLTRANSFERASE_ACTIVITY,0.6352400408580183,0.5660377358490566,0.45199182839632274,0.6289308176100629
5222,GO_PASSIVE_TRANSMEMBRANE_TRANSPORTER_ACTIVITY,0.719611848825332,0.6144654088050314,0.4966292134831461,0.5522012578616353
5223,GO_RNA_POLYMERASE_II_CORE_BINDING,0.5251276813074566,0.49056603773584906,0.4887640449438202,0.49056603773584906
5224,GO_MRNA_BINDING,0.6796731358529111,0.5547169811320755,0.44800817160367723,0.589937106918239
5225,GO_MHC_CLASS_II_RECEPTOR_ACTIVITY,0.5439223697650664,0.4666666666666667,0.4991828396322778,0.5238993710691824
5226,GO_NEUROPEPTIDE_RECEPTOR_ACTIVITY,0.6218590398365679,0.5081761006289308,0.478855975485189,0.5232704402515723
5227,GO_EXTRACELLULAR_MATRIX_BINDING,0.618896833503575,0.5213836477987421,0.4747701736465781,0.5647798742138365
5228,GO_SEROTONIN_RECEPTOR_ACTIVITY,0.5549540347293156,0.5811320754716981,0.478855975485189,0.5572327044025157
5229,GO_METALLOEXOPEPTIDASE_ACTIVITY,0.6485188968335036,0.5364779874213836,0.5,0.5
5230,GO_TRNA_BINDING,0.5729315628192033,0.4761006289308176,0.48314606741573035,0.5333333333333333
5231,GO_CALCIUM_ION_BINDING,0.6951991828396322,0.5974842767295598,0.45617977528089887,0.5924528301886792
5232,GO_NITRIC_OXIDE_SYNTHASE_BINDING,0.5732379979570991,0.4767295597484277,0.4970377936670072,0.5333333333333333
5233,GO_PROTEIN_C_TERMINUS_BINDING,0.685699693564862,0.5823899371069183,0.41705822267620024,0.5283018867924528
5234,GO_GLYCINE_BINDING,0.5889683350357507,0.5993710691823899,0.4732379979570991,0.5238993710691824
5235,GO_THIOLESTER_HYDROLASE_ACTIVITY,0.5990806945863125,0.5867924528301887,0.48314606741573035,0.49056603773584906
5236,GO_INSULIN_RECEPTOR_BINDING,0.592032686414709,0.5320754716981132,0.4922369765066394,0.5238993710691824
5237,GO_R_SMAD_BINDING,0.6038815117466803,0.5320754716981132,0.5,0.5
5238,GO_CIS_TRANS_ISOMERASE_ACTIVITY,0.5277834525025537,0.48930817610062893,0.4922369765066394,0.5144654088050314
5239,GO_METALLOCARBOXYPEPTIDASE_ACTIVITY,0.6642492339121553,0.5792452830188679,0.4991828396322778,0.5333333333333333
5240,GO_ALDEHYDE_DEHYDROGENASE_NAD_ACTIVITY,0.5342185903983656,0.4716981132075472,0.4897854954034729,0.5666666666666667
5241,GO_OXIDOREDUCTASE_ACTIVITY_ACTING_ON_PAIRED_DONORS_WITH_INCORPORATION_OR_REDUCTION_OF_MOLECULAR_OXYGEN_2_OXOGLUTARATE_AS_ONE_DONOR_AND_INCORPORATION_OF_ONE_ATOM_EACH_OF_OXYGEN_INTO_BOTH_DONORS,0.6035750766087844,0.549685534591195,0.4844739530132789,0.4811320754716981
5242,GO_PHOSPHATE_ION_BINDING,0.5355464759959141,0.5238993710691824,0.5,0.5
5243,GO_NUCLEOSIDE_DIPHOSPHATE_KINASE_ACTIVITY,0.5398365679264555,0.5333333333333333,0.4887640449438202,0.5333333333333333
5244,GO_FAD_BINDING,0.5498467824310521,0.4811320754716981,0.4767109295199182,0.4811320754716981
5245,GO_CLATHRIN_BINDING,0.6137895812053115,0.5578616352201258,0.4736465781409602,0.530188679245283
5246,GO_CATION_CATION_ANTIPORTER_ACTIVITY,0.645658835546476,0.4817610062893082,0.47844739530132785,0.5823899371069182
5247,GO_PROTEASE_BINDING,0.643820224719101,0.5559748427672956,0.4531154239019408,0.5622641509433962
5248,GO_RAN_GTPASE_BINDING,0.5482124616956079,0.479874213836478,0.47579162410623077,0.4861635220125786
5249,GO_ANTIPORTER_ACTIVITY,0.6851889683350356,0.5408805031446541,0.4887640449438202,0.49056603773584906
5250,GO_AMMONIUM_TRANSMEMBRANE_TRANSPORTER_ACTIVITY,0.6176710929519917,0.5163522012578616,0.4887640449438202,0.5333333333333333
5251,GO_PHOSPHATASE_ACTIVATOR_ACTIVITY,0.5125638406537283,0.49056603773584906,0.47191011235955055,0.49056603773584906
5252,GO_FATTY_ACID_BINDING,0.5945863125638408,0.5157232704402516,0.4810010214504596,0.5144654088050314
5253,GO_AMINOPEPTIDASE_ACTIVITY,0.5863125638406537,0.4849056603773585,0.49223697650663945,0.4811320754716981
5254,GO_NADPH_BINDING,0.5438202247191011,0.5477987421383648,0.5,0.5
5255,GO_SINGLE_STRANDED_RNA_BINDING,0.6304392236976507,0.5874213836477987,0.4778345250255363,0.5981132075471698
5256,GO_CATECHOLAMINE_BINDING,0.5985699693564862,0.5647798742138365,0.47538304392236974,0.5238993710691824
5257,GO_CALCIUM_DEPENDENT_PROTEIN_BINDING,0.6304392236976507,0.5761006289308176,0.4764044943820225,0.6289308176100629
5258,GO_NUCLEOCYTOPLASMIC_TRANSPORTER_ACTIVITY,0.5886618998978549,0.5245283018867924,0.4823289070480081,0.4716981132075472
5259,GO_GLUTATHIONE_PEROXIDASE_ACTIVITY,0.5216547497446373,0.4811320754716981,0.4887640449438202,0.5238993710691824
5260,GO_PSEUDOURIDINE_SYNTHASE_ACTIVITY,0.5034729315628191,0.49056603773584906,0.4921348314606741,0.4811320754716981
5261,GO_G_PROTEIN_COUPLED_RECEPTOR_ACTIVITY,0.7130745658835547,0.5440251572327044,0.47160367722165475,0.6584905660377358
5262,GO_MAP_KINASE_ACTIVITY,0.5676200204290092,0.49748427672955975,0.5,0.5
5263,GO_NEUROPEPTIDE_HORMONE_ACTIVITY,0.5438202247191011,0.5144654088050314,0.4943820224719101,0.5144654088050314
5264,GO_CATION_TRANSMEMBRANE_TRANSPORTER_ACTIVITY,0.7046986721144024,0.5415094339622641,0.48937691521961185,0.5144654088050314
5265,GO_CHANNEL_REGULATOR_ACTIVITY,0.6299284984678243,0.6641509433962265,0.44177732379979573,0.5257861635220126
5266,GO_INOSITOL_TETRAKISPHOSPHATE_PHOSPHATASE_ACTIVITY,0.5628192032686415,0.5050314465408805,0.5,0.5
5267,GO_PHOSPHOLIPASE_BINDING,0.5629213483146067,0.5911949685534591,0.5,0.5
5268,GO_STRUCTURAL_CONSTITUENT_OF_EYE_LENS,0.5191011235955056,0.5138364779874214,0.49785495403472924,0.4811320754716981
5269,GO_DISULFIDE_OXIDOREDUCTASE_ACTIVITY,0.5609805924412666,0.5672955974842767,0.49213483146067416,0.5289308176100629
5270,GO_GDP_BINDING,0.5734422880490296,0.5893081761006289,0.4887640449438202,0.49056603773584906
5271,GO_PHOSPHORIC_DIESTER_HYDROLASE_ACTIVITY,0.6397344228804903,0.5220125786163522,0.4389172625127681,0.5955974842767295
5272,GO_S100_PROTEIN_BINDING,0.6237997957099081,0.47547169811320755,0.4922369765066394,0.5144654088050314
5273,GO_KINASE_ACTIVITY,0.6906026557711951,0.5842767295597484,0.5480081716036772,0.5119496855345913
5274,GO_TRANSCRIPTION_FACTOR_ACTIVITY_RNA_POLYMERASE_II_DISTAL_ENHANCER_SEQUENCE_SPECIFIC_BINDING,0.6058222676200204,0.5389937106918239,0.4304392236976507,0.550314465408805
5275,GO_CARBOHYDRATE_DERIVATIVE_TRANSPORTER_ACTIVITY,0.5283963227783453,0.5157232704402516,0.4943820224719101,0.49056603773584906
5276,GO_SERINE_TYPE_CARBOXYPEPTIDASE_ACTIVITY,0.5647599591419816,0.5383647798742138,0.5,0.5
5277,GO_HORMONE_ACTIVITY,0.5742594484167517,0.5855345911949685,0.4715015321756894,0.48930817610062893
5278,GO_STEROID_HORMONE_RECEPTOR_ACTIVITY,0.6617977528089887,0.6069182389937107,0.46578140960163433,0.5238993710691824
5279,GO_ANDROGEN_RECEPTOR_BINDING,0.6060265577119511,0.5289308176100629,0.48702757916241063,0.640251572327044
5280,GO_AMIDE_TRANSMEMBRANE_TRANSPORTER_ACTIVITY,0.5570990806945864,0.540251572327044,0.4866189989785495,0.4767295597484277
5281,GO_MANGANESE_ION_BINDING,0.6194075587334015,0.6874213836477988,0.4943820224719101,0.49056603773584906
5282,GO_RNA_CAP_BINDING,0.5125638406537283,0.5333333333333333,0.5,0.5
5283,GO_SCAVENGER_RECEPTOR_ACTIVITY,0.6003064351378957,0.560377358490566,0.4831460674157303,0.5559748427672956
5284,GO_CYCLIN_DEPENDENT_PROTEIN_SERINE_THREONINE_KINASE_INHIBITOR_ACTIVITY,0.5125638406537283,0.6,0.5,0.5
5285,GO_ICOSANOID_RECEPTOR_ACTIVITY,0.5216547497446373,0.5333333333333333,0.4854954034729315,0.5572327044025157
5286,GO_METALLOENDOPEPTIDASE_ACTIVITY,0.6795709908069458,0.6930817610062894,0.4948927477017364,0.5610062893081761
5287,GO_PHOSPHATIDYLCHOLINE_BINDING,0.5342185903983656,0.4861635220125786,0.4810010214504596,0.5144654088050314
5288,GO_TRANSLATION_ELONGATION_FACTOR_ACTIVITY,0.5181818181818182,0.49056603773584906,0.47752808988764045,0.4811320754716981
5289,GO_MONOSACCHARIDE_TRANSMEMBRANE_TRANSPORTER_ACTIVITY,0.5382022471910112,0.49559748427672956,0.46629213483146065,0.5823899371069182
5290,GO_HYDROLASE_ACTIVITY_ACTING_ON_ESTER_BONDS,0.691317671092952,0.5251572327044025,0.43871297242083757,0.5
5291,GO_CAMP_BINDING,0.5949948927477018,0.5735849056603773,0.46210418794688457,0.48553459119496856
5292,GO_GLYCOSAMINOGLYCAN_BINDING,0.6731358529111339,0.5182389937106919,0.4506639427987743,0.4968553459119497
5293,GO_VITAMIN_D_RECEPTOR_BINDING,0.5658835546475995,0.5823899371069182,0.5,0.5
5294,GO_DAMAGED_DNA_BINDING,0.608273748723187,0.5937106918238994,0.48365679264555667,0.5471698113207547
5295,GO_PROTEIN_SERINE_THREONINE_KINASE_ACTIVATOR_ACTIVITY,0.542696629213483,0.5088050314465409,0.47752808988764045,0.5144654088050314
5296,GO_PHOSPHOLIPID_TRANSLOCATING_ATPASE_ACTIVITY,0.5659856996935648,0.6069182389937107,0.4879468845760981,0.4811320754716981
5297,GO_ALCOHOL_BINDING,0.6519918283963227,0.5572327044025157,0.48651685393258426,0.5591194968553459
5298,GO_L_ASCORBIC_ACID_BINDING,0.5330949948927476,0.4528301886792453,0.4844739530132789,0.5238993710691824
5299,GO_DIPEPTIDASE_ACTIVITY,0.5748723186925434,0.4861635220125786,0.5,0.5
5300,GO_GLUTAMATE_RECEPTOR_ACTIVITY,0.6662921348314608,0.6050314465408806,0.5,0.5
5301,GO_GAMMA_TUBULIN_BINDING,0.5439223697650664,0.5477987421383648,0.4810010214504596,0.5572327044025157
5302,GO_PEPTIDASE_ACTIVATOR_ACTIVITY,0.5931562819203269,0.4962264150943396,0.4943820224719101,0.49056603773584906
5303,GO_POLY_PURINE_TRACT_BINDING,0.5638406537282942,0.510062893081761,0.47242083758937686,0.4861635220125786
5304,GO_INTRONIC_TRANSCRIPTION_REGULATORY_REGION_DNA_BINDING,0.5208375893769153,0.5383647798742138,0.49570990806945864,0.49056603773584906
5305,GO_HYDROLASE_ACTIVITY_ACTING_ON_ACID_ANHYDRIDES,0.6653728294177732,0.5408805031446542,0.47538304392236974,0.5465408805031446
5306,GO_STEROL_BINDING,0.5389172625127682,0.6044025157232704,0.4710929519918283,0.5383647798742138
5307,GO_RNA_POLYMERASE_II_TRANSCRIPTION_FACTOR_ACTIVITY_SEQUENCE_SPECIFIC_DNA_BINDING,0.6751787538304392,0.5232704402515723,0.4464759959141982,0.570440251572327
5308,GO_PHOSPHATIDYLINOSITOL_BINDING,0.6577119509703779,0.5742138364779874,0.41756894790602656,0.6729559748427673
5309,GO_TRANSFORMING_GROWTH_FACTOR_BETA_BINDING,0.5609805924412666,0.5484276729559748,0.4922369765066394,0.5477987421383648
5310,GO_SH3_DOMAIN_BINDING,0.6241062308478039,0.6578616352201259,0.4484167517875383,0.6389937106918239
5311,GO_LIGASE_ACTIVITY_FORMING_CARBON_SULFUR_BONDS,0.6325842696629214,0.4761006289308176,0.5,0.5
5312,GO_MANNOSE_BINDING,0.5909090909090909,0.4949685534591195,0.49570990806945864,0.5144654088050314
5313,GO_RNA_POLYMERASE_II_REPRESSING_TRANSCRIPTION_FACTOR_BINDING,0.5516853932584269,0.49559748427672956,0.4922369765066394,0.49056603773584906
5314,GO_CATION_SUGAR_SYMPORTER_ACTIVITY,0.5578140960163432,0.5144654088050314,0.4662921348314607,0.5666666666666667
5315,GO_PROTEIN_SERINE_THREONINE_PHOSPHATASE_ACTIVITY,0.6077630234933605,0.46226415094339623,0.47538304392236974,0.5157232704402516
5316,GO_TRANSCRIPTION_FACTOR_ACTIVITY_RNA_POLYMERASE_II_TRANSCRIPTION_FACTOR_BINDING,0.6853932584269663,0.5830188679245283,0.48314606741573035,0.49056603773584906
5317,GO_AMINOACYL_TRNA_EDITING_ACTIVITY,0.534729315628192,0.5238993710691824,0.4732379979570991,0.4811320754716981
5318,GO_FOLIC_ACID_BINDING,0.537691521961185,0.5559748427672956,0.49570990806945864,0.49056603773584906
5319,GO_E_BOX_BINDING,0.5545454545454546,0.5981132075471698,0.4732379979570991,0.5138364779874214
5320,GO_GLUCOSE_BINDING,0.5662921348314607,0.4716981132075472,0.4662921348314607,0.5666666666666667
5321,GO_NEUROTRANSMITTER_SODIUM_SYMPORTER_ACTIVITY,0.6455566905005108,0.5893081761006289,0.5,0.5
5322,GO_NUCLEASE_ACTIVITY,0.5907048008171604,0.529559748427673,0.45985699693564863,0.6138364779874214
5323,GO_DIPEPTIDYL_PEPTIDASE_ACTIVITY,0.5413687436159347,0.4861635220125786,0.49785495403472924,0.4716981132075472
5324,GO_TOXIC_SUBSTANCE_BINDING,0.5844739530132789,0.5238993710691824,0.4922369765066394,0.5333333333333333
5325,GO_ESTRADIOL_17_BETA_DEHYDROGENASE_ACTIVITY,0.5342185903983656,0.6,0.4732379979570991,0.5238993710691824
5326,GO_GDP_DISSOCIATION_INHIBITOR_ACTIVITY,0.5181818181818182,0.5333333333333333,0.4866189989785495,0.5238993710691824
5327,GO_POLYSACCHARIDE_BINDING,0.5342185903983656,0.590566037735849,0.4948927477017364,0.5383647798742138
5328,GO_SNAP_RECEPTOR_ACTIVITY,0.5320735444330951,0.49056603773584906,0.48314606741573035,0.4811320754716981
5329,GO_MICROTUBULE_SEVERING_ATPASE_ACTIVITY,0.5307456588355465,0.5238993710691824,0.49785495403472924,0.4716981132075472
5330,GO_RRNA_METHYLTRANSFERASE_ACTIVITY,0.5034729315628191,0.49056603773584906,0.49785495403472924,0.5333333333333333
5331,GO_NON_MEMBRANE_SPANNING_PROTEIN_TYROSINE_KINASE_ACTIVITY,0.6136874361593463,0.4981132075471698,0.4810010214504596,0.5238993710691824
5332,GO_H4_HISTONE_ACETYLTRANSFERASE_ACTIVITY,0.570990806945863,0.5572327044025157,0.48314606741573035,0.49056603773584906
5333,GO_HISTONE_DEMETHYLASE_ACTIVITY,0.5915219611848825,0.48867924528301887,0.4957099080694586,0.5050314465408805
5334,GO_EXONUCLEASE_ACTIVITY,0.5607763023493361,0.5213836477987421,0.4627170582226762,0.5509433962264151
5335,GO_MACROLIDE_BINDING,0.5243105209397344,0.4716981132075472,0.4922369765066394,0.5144654088050314
5336,GO_INSULIN_LIKE_GROWTH_FACTOR_BINDING,0.6362614913176711,0.5471698113207547,0.4866189989785495,0.5572327044025157
5337,GO_O_METHYLTRANSFERASE_ACTIVITY,0.5580183861082737,0.5144654088050314,0.49785495403472924,0.49056603773584906
5338,GO_TROPOMYOSIN_BINDING,0.5558733401430032,0.4811320754716981,0.4943820224719101,0.4811320754716981
5339,GO_AMINO_ACID_TRANSMEMBRANE_TRANSPORTER_ACTIVITY,0.6439223697650664,0.5893081761006289,0.4575076608784474,0.5735849056603773
5340,GO_LYSOZYME_ACTIVITY,0.5181818181818182,0.5144654088050314,0.4943820224719101,0.49056603773584906
5341,GO_ANION_CHANNEL_ACTIVITY,0.7008171603677221,0.6251572327044026,0.46220633299284986,0.48930817610062893
5342,GO_STRUCTURAL_CONSTITUENT_OF_NUCLEAR_PORE,0.5592441266598569,0.4578616352201258,0.49356486210418793,0.5238993710691824
5343,GO_NUCLEOTIDASE_ACTIVITY,0.5537282941777323,0.5238993710691824,0.49785495403472924,0.5666666666666667
5344,GO_ION_ANTIPORTER_ACTIVITY,0.6955056179775281,0.47547169811320755,0.497344228804903,0.5238993710691824
5345,GO_PHOSPHORIC_ESTER_HYDROLASE_ACTIVITY,0.6410623084780388,0.5974842767295598,0.44841675178753826,0.5641509433962265
5346,GO_SIGNALING_RECEPTOR_ACTIVITY,0.6518896833503574,0.6270440251572327,0.49836567926455566,0.589937106918239
5347,GO_SUGAR_TRANSMEMBRANE_TRANSPORTER_ACTIVITY,0.5688457609805925,0.5716981132075472,0.4633299284984678,0.5735849056603773
5348,GO_INTERLEUKIN_1_RECEPTOR_BINDING,0.5602655771195098,0.5314465408805031,0.49009193054136874,0.5333333333333333
5349,GO_PROTEIN_TRANSPORTER_ACTIVITY,0.5920326864147089,0.5981132075471698,0.46241062308478037,0.5276729559748428
5350,GO_IMMUNOGLOBULIN_RECEPTOR_BINDING,0.541164453524004,0.5333333333333333,0.49785495403472924,0.5477987421383648
5351,GO_RECEPTOR_ACTIVATOR_ACTIVITY,0.6014300306435137,0.48867924528301887,0.4943820224719101,0.5333333333333333
5352,GO_ALCOHOL_DEHYDROGENASE_NADP_ACTIVITY,0.5446373850868234,0.5289308176100629,0.4866189989785495,0.5238993710691824
5353,GO_NEUROTRANSMITTER_RECEPTOR_ACTIVITY,0.6728294177732379,0.60062893081761,0.4736465781409602,0.5314465408805031
5354,GO_DIACYLGLYCEROL_BINDING,0.6204290091930541,0.4962264150943396,0.449438202247191,0.49559748427672956
5355,GO_PHOSPHOLIPASE_INHIBITOR_ACTIVITY,0.5069458631256384,0.5572327044025157,0.4943820224719101,0.5333333333333333
5356,GO_ACTININ_BINDING,0.6535240040858017,0.6050314465408805,0.49979570990806943,0.5339622641509434
5357,GO_PROTEIN_SERINE_THREONINE_KINASE_INHIBITOR_ACTIVITY,0.5511746680286006,0.6069182389937107,0.4887640449438202,0.49056603773584906
5358,GO_OXIDOREDUCTASE_ACTIVITY_ACTING_ON_A_SULFUR_GROUP_OF_DONORS_DISULFIDE_AS_ACCEPTOR,0.517364657814096,0.4811320754716981,0.5,0.5
5359,GO_TRANSCRIPTION_COFACTOR_BINDING,0.5961184882533198,0.5578616352201258,0.4842696629213483,0.5050314465408805
5360,GO_HSP90_PROTEIN_BINDING,0.5686414708886619,0.4949685534591195,0.4829417773237998,0.5528301886792453
5361,GO_AMINE_BINDING,0.5433094994892748,0.4811320754716981,0.47191011235955055,0.5238993710691824
5362,GO_DIOXYGENASE_ACTIVITY,0.6544433094994893,0.5226415094339623,0.46659856996935645,0.519496855345912
5363,GO_PHOSPHOTRANSFERASE_ACTIVITY_FOR_OTHER_SUBSTITUTED_PHOSPHATE_GROUPS,0.5512768130745659,0.5477987421383648,0.4863125638406537,0.6238993710691824
5364,GO_PALMITOYLTRANSFERASE_ACTIVITY,0.5334014300306436,0.5144654088050314,0.4844739530132789,0.5144654088050314
5365,GO_NUCLEAR_LOCALIZATION_SEQUENCE_BINDING,0.5339121552604698,0.5477987421383648,0.4866189989785495,0.5477987421383648
5366,GO_RECEPTOR_AGONIST_ACTIVITY,0.5746680286006128,0.5144654088050314,0.5,0.5
5367,GO_PHOSPHATASE_BINDING,0.6429009193054138,0.5559748427672956,0.4597548518896834,0.6113207547169811
5368,GO_RNA_DIRECTED_DNA_POLYMERASE_ACTIVITY,0.5243105209397344,0.5144654088050314,0.5,0.5
5369,GO_RAS_GUANYL_NUCLEOTIDE_EXCHANGE_FACTOR_ACTIVITY,0.6981613891726253,0.5566037735849056,0.46578140960163433,0.449685534591195
5370,GO_PROTEIN_METHYLTRANSFERASE_ACTIVITY,0.5918283963227783,0.5188679245283019,0.46435137895812056,0.5893081761006289
5371,GO_LYSOPHOSPHOLIPID_ACYLTRANSFERASE_ACTIVITY,0.5373850868232891,0.5383647798742138,0.5,0.5
5372,GO_STRUCTURAL_CONSTITUENT_OF_MUSCLE,0.6416751787538304,0.49937106918238994,0.44964249233912157,0.5660377358490566
5373,GO_ENZYME_ACTIVATOR_ACTIVITY,0.6940755873340143,0.5132075471698113,0.4703779366700715,0.5572327044025157
5374,GO_SH2_DOMAIN_BINDING,0.5906026557711951,0.5811320754716981,0.4866189989785495,0.49056603773584906
5375,GO_CARBON_CARBON_LYASE_ACTIVITY,0.5507660878447396,0.5389937106918239,0.4844739530132789,0.5238993710691824
5376,GO_PROTEIN_COMPLEX_BINDING,0.6787538304392238,0.4654088050314465,0.4625127681307456,0.5358490566037736
5377,GO_TRANSFERASE_ACTIVITY_TRANSFERRING_ACYL_GROUPS,0.7032686414708886,0.6150943396226415,0.40500510725229827,0.5855345911949685
5378,GO_FATTY_ACID_TRANSPORTER_ACTIVITY,0.5699693564862104,0.5509433962264151,0.5,0.5
5379,GO_PROTEIN_TYROSINE_SERINE_THREONINE_PHOSPHATASE_ACTIVITY,0.5590398365679264,0.4817610062893082,0.4938712972420838,0.519496855345912
5380,GO_NUCLEOSIDE_KINASE_ACTIVITY,0.5437180796731358,0.540251572327044,0.49570990806945864,0.5383647798742138
5381,GO_NUCLEIC_ACID_BINDING_TRANSCRIPTION_FACTOR_ACTIVITY,0.725638406537283,0.5220125786163522,0.4783452502553626,0.5408805031446542
5382,GO_FIBROBLAST_GROWTH_FACTOR_BINDING,0.5723186925434116,0.5314465408805031,0.5,0.5
5383,GO_ADP_BINDING,0.6039836567926455,0.6056603773584905,0.49009193054136874,0.5144654088050314
5384,GO_BETA_1_3_GALACTOSYLTRANSFERASE_ACTIVITY,0.5251276813074566,0.5333333333333333,0.4922369765066394,0.49056603773584906
5385,GO_CATION_TRANSPORTING_ATPASE_ACTIVITY,0.6086823289070479,0.6276729559748428,0.4863125638406537,0.5823899371069182
5386,GO_ATPASE_COUPLED_ION_TRANSMEMBRANE_TRANSPORTER_ACTIVITY,0.6303370786516854,0.610691823899371,0.4747701736465781,0.5490566037735849
5387,GO_STEROL_TRANSPORTER_ACTIVITY,0.6050051072522983,0.529559748427673,0.4801838610827375,0.5144654088050314
5388,GO_RNA_POLYMERASE_BINDING,0.5348314606741573,0.530188679245283,0.4786516853932585,0.5144654088050314
5389,GO_CARBOHYDRATE_KINASE_ACTIVITY,0.5662921348314607,0.4716981132075472,0.4847803881511747,0.5477987421383648
5390,GO_BINDING_BRIDGING,0.6847803881511747,0.5918238993710692,0.42471910112359545,0.5578616352201258
5391,GO_THREONINE_TYPE_PEPTIDASE_ACTIVITY,0.5502553626149133,0.5238993710691824,0.5,0.5
5392,GO_MONOOXYGENASE_ACTIVITY,0.6896833503575077,0.5716981132075472,0.44719101123595506,0.5735849056603773
5393,GO_ADENOSINE_DEAMINASE_ACTIVITY,0.5446373850868234,0.5144654088050314,0.4991828396322778,0.5666666666666667
5394,GO_STRUCTURAL_CONSTITUENT_OF_RIBOSOME,0.5870275791624107,0.5289308176100629,0.4820224719101123,0.5477987421383648
5395,GO_14_3_3_PROTEIN_BINDING,0.5856996935648621,0.6163522012578616,0.49785495403472924,0.49056603773584906
5396,GO_COPPER_ION_BINDING,0.638917262512768,0.5081761006289308,0.4836567926455567,0.5050314465408805
5397,GO_MISMATCHED_DNA_BINDING,0.5311542390194075,0.5572327044025157,0.4914198161389173,0.5477987421383648
5398,GO_HYDROLASE_ACTIVITY_ACTING_ON_GLYCOSYL_BONDS,0.7001021450459652,0.6484276729559748,0.46772216547497447,0.49559748427672956
5399,GO_RAB_GTPASE_BINDING,0.675485188968335,0.4880503144654088,0.4806945863125638,0.4949685534591195
5400,GO_NAD_ADP_RIBOSYLTRANSFERASE_ACTIVITY,0.5961184882533198,0.49937106918238994,0.4810010214504596,0.5238993710691824
5401,GO_GUANYL_NUCLEOTIDE_EXCHANGE_FACTOR_ACTIVITY,0.6783452502553626,0.5987421383647799,0.4454545454545455,0.520125786163522
5402,GO_TELOMERASE_RNA_BINDING,0.5432073544433095,0.5050314465408805,0.4887640449438202,0.5666666666666667
5403,GO_BETA_TUBULIN_BINDING,0.5544433094994892,0.529559748427673,0.4815117466802859,0.4811320754716981
5404,GO_INTRAMOLECULAR_TRANSFERASE_ACTIVITY,0.5307456588355465,0.5333333333333333,0.4866189989785495,0.5238993710691824
5405,GO_SERINE_TYPE_ENDOPEPTIDASE_INHIBITOR_ACTIVITY,0.6872318692543413,0.6226415094339622,0.4648621041879469,0.5144654088050314
5406,GO_HELICASE_ACTIVITY,0.669050051072523,0.7000000000000001,0.4436159346271706,0.5257861635220126
5407,GO_RNA_POLYMERASE_CORE_ENZYME_BINDING,0.5251276813074566,0.49056603773584906,0.4887640449438202,0.49056603773584906
5408,GO_VOLTAGE_GATED_CHLORIDE_CHANNEL_ACTIVITY,0.5649642492339122,0.49056603773584906,0.49785495403472924,0.5238993710691824
5409,GO_PYRIDOXAL_PHOSPHATE_BINDING,0.6796731358529111,0.4949685534591195,0.4810010214504596,0.5238993710691824
5410,GO_LIPASE_INHIBITOR_ACTIVITY,0.5034729315628191,0.5333333333333333,0.4943820224719101,0.5333333333333333
5411,GO_CHROMATIN_DNA_BINDING,0.6312563840653729,0.5446540880503145,0.4918283963227783,0.5207547169811321
5412,GO_ATPASE_BINDING,0.6510725229826354,0.7861635220125786,0.46343207354443305,0.5742138364779874
5413,GO_LAMIN_BINDING,0.5820224719101122,0.5433962264150943,0.5,0.5
5414,GO_PHOSPHATIDYLINOSITOL_KINASE_ACTIVITY,0.6352400408580183,0.5515723270440251,0.4820224719101123,0.5144654088050314
5415,GO_CYCLIC_NUCLEOTIDE_BINDING,0.6263534218590399,0.6232704402515723,0.46404494382022476,0.5578616352201258
5416,GO_CYSTEINE_TYPE_ENDOPEPTIDASE_ACTIVITY,0.6321756894790602,0.5540880503144654,0.46629213483146065,0.540251572327044
5417,GO_OLIGOPEPTIDE_BINDING,0.5286006128702757,0.4811320754716981,0.48314606741573035,0.49056603773584906
5418,GO_CO_SMAD_BINDING,0.553626149131767,0.540251572327044,0.5,0.5
5419,GO_GROWTH_FACTOR_ACTIVITY,0.651685393258427,0.6088050314465409,0.42247191011235957,0.6679245283018868
5420,GO_INTRACELLULAR_CALCIUM_ACTIVATED_CHLORIDE_CHANNEL_ACTIVITY,0.6289070480081715,0.6345911949685534,0.48835546475995917,0.5245283018867924
5421,GO_G_PROTEIN_COUPLED_PHOTORECEPTOR_ACTIVITY,0.5435137895812053,0.4811320754716981,0.4866189989785495,0.5333333333333333
5422,GO_ALDO_KETO_REDUCTASE_NADP_ACTIVITY,0.5817160367722165,0.5383647798742138,0.47538304392236974,0.5144654088050314
5423,GO_TRANSFERASE_ACTIVITY_TRANSFERRING_ACYL_GROUPS_OTHER_THAN_AMINO_ACYL_GROUPS,0.6726251276813074,0.5490566037735849,0.45944841675178755,0.5320754716981132
5424,GO_MOLECULAR_FUNCTION_REGULATOR,0.6836567926455567,0.6358490566037736,0.46414708886618994,0.5566037735849056
5425,GO_CYSTEINE_TYPE_ENDOPEPTIDASE_INHIBITOR_ACTIVITY_INVOLVED_IN_APOPTOTIC_PROCESS,0.5496424923391217,0.48867924528301887,0.4887640449438202,0.5333333333333333
5426,GO_FIBRONECTIN_BINDING,0.5915219611848825,0.5823899371069182,0.4970377936670072,0.5238993710691824
5427,GO_POTASSIUM_TRANSPORTING_ATPASE_ACTIVITY,0.5776302349336057,0.529559748427673,0.4866189989785495,0.5333333333333333
5428,GO_MICROTUBULE_MOTOR_ACTIVITY,0.6534218590398366,0.6515723270440252,0.4632277834525025,0.5213836477987421
5429,GO_OXIDOREDUCTASE_ACTIVITY_OXIDIZING_METAL_IONS,0.5634320735444331,0.5955974842767295,0.5,0.5
5430,GO_ALPHA_TUBULIN_BINDING,0.5856996935648621,0.5823899371069182,0.4943820224719101,0.5333333333333333
5431,GO_EXCITATORY_EXTRACELLULAR_LIGAND_GATED_ION_CHANNEL_ACTIVITY,0.6591419816138917,0.6132075471698114,0.45914198161389175,0.5226415094339623
5432,GO_OXIDOREDUCTASE_ACTIVITY_OXIDIZING_METAL_IONS_NAD_OR_NADP_AS_ACCEPTOR,0.561491317671093,0.5238993710691824,0.5,0.5
5433,GO_ATPASE_ACTIVITY_COUPLED_TO_MOVEMENT_OF_SUBSTANCES,0.6695607763023493,0.6408805031446541,0.4636363636363636,0.4867924528301887
5434,GO_TRANSITION_METAL_ION_TRANSMEMBRANE_TRANSPORTER_ACTIVITY,0.5453524004085801,0.540251572327044,0.4695607763023493,0.5144654088050314
5435,GO_DOUBLE_STRANDED_DNA_BINDING,0.7377936670071502,0.5081761006289308,0.5183861082737488,0.6194968553459119
5436,GO_TRANSITION_METAL_ION_BINDING,0.7021450459652707,0.5641509433962264,0.4817160367722165,0.5113207547169811
5437,GO_TELOMERIC_DNA_BINDING,0.5398365679264555,0.4861635220125786,0.5,0.5
5438,GO_MODIFIED_AMINO_ACID_TRANSMEMBRANE_TRANSPORTER_ACTIVITY,0.5515832482124617,0.4811320754716981,0.49356486210418793,0.5333333333333333
5439,GO_SCAFFOLD_PROTEIN_BINDING,0.6147088866189989,0.5408805031446541,0.48365679264555667,0.5144654088050314
5440,GO_TRANSCRIPTIONAL_REPRESSOR_ACTIVITY_RNA_POLYMERASE_II_ACTIVATING_TRANSCRIPTION_FACTOR_BINDING,0.6262512768130747,0.49056603773584906,0.4936670071501532,0.5421383647798742
5441,GO_LOW_DENSITY_LIPOPROTEIN_PARTICLE_RECEPTOR_BINDING,0.60755873340143,0.5106918238993711,0.5,0.5
5442,GO_PHOSPHATIDYLSERINE_BINDING,0.6369765066394281,0.5012578616352201,0.47752808988764045,0.5333333333333333
5443,GO_GLYCOLIPID_BINDING,0.5279877425944841,0.5088050314465409,0.4887640449438202,0.5333333333333333
5444,GO_RECEPTOR_SIGNALING_PROTEIN_SERINE_THREONINE_KINASE_ACTIVITY,0.6091930541368743,0.6352201257861635,0.44157303370786516,0.46226415094339623
5445,GO_CALMODULIN_BINDING,0.6938712972420837,0.5433962264150944,0.4675178753830439,0.5559748427672956
5446,GO_RNA_POLYMERASE_II_CORE_PROMOTER_SEQUENCE_SPECIFIC_DNA_BINDING,0.6051072522982635,0.540251572327044,0.4966292134831461,0.5666666666666667
5447,GO_MAP_KINASE_KINASE_KINASE_ACTIVITY,0.6008171603677221,0.5415094339622641,0.473953013278856,0.5157232704402516
5448,GO_MHC_CLASS_II_PROTEIN_COMPLEX_BINDING,0.5398365679264555,0.5716981132075472,0.4850868232890705,0.5050314465408805
5449,GO_PHOSPHOTYROSINE_BINDING,0.5526046986721144,0.5144654088050314,0.49356486210418793,0.5238993710691824
5450,GO_NUCLEOSIDE_TRIPHOSPHATASE_REGULATOR_ACTIVITY,0.7054136874361594,0.5125786163522013,0.43963227783452496,0.539622641509434
5451,GO_LIGAND_GATED_CALCIUM_CHANNEL_ACTIVITY,0.5873340143003065,0.5433962264150943,0.46414708886618994,0.5238993710691824
5452,GO_RIBOSOMAL_SMALL_SUBUNIT_BINDING,0.5307456588355465,0.49056603773584906,0.47538304392236974,0.4811320754716981
5453,GO_OMEGA_PEPTIDASE_ACTIVITY,0.5585291113381001,0.5383647798742138,0.5,0.5
5454,GO_PHOSPHATIDYLCHOLINE_1_ACYLHYDROLASE_ACTIVITY,0.5432073544433095,0.49559748427672956,0.4991828396322778,0.5144654088050314
5455,GO_ELECTRON_CARRIER_ACTIVITY,0.6236976506639428,0.5836477987421383,0.4844739530132789,0.5465408805031446
5456,GO_HMG_BOX_DOMAIN_BINDING,0.5470888661899898,0.5238993710691824,0.49785495403472924,0.49056603773584906
5457,GO_CHANNEL_INHIBITOR_ACTIVITY,0.5737487231869254,0.580503144654088,0.5,0.5
5458,GO_SUMO_BINDING,0.5768130745658836,0.5257861635220126,0.5,0.5
5459,GO_PALMITOYL_COA_HYDROLASE_ACTIVITY,0.5213483146067415,0.48930817610062893,0.48314606741573035,0.5333333333333333
5460,GO_MANNOSYLTRANSFERASE_ACTIVITY,0.5454545454545454,0.46226415094339623,0.4866189989785495,0.5666666666666667
5461,GO_RECEPTOR_SERINE_THREONINE_KINASE_BINDING,0.5811031664964249,0.5578616352201258,0.4784473953013279,0.5238993710691824
5462,GO_RETINAL_BINDING,0.5698672114402452,0.5742138364779874,0.4866189989785495,0.5333333333333333
5463,GO_TRANSFERASE_ACTIVITY_TRANSFERRING_GLYCOSYL_GROUPS,0.7160367722165476,0.49056603773584906,0.4602655771195097,0.5484276729559748
5464,GO_TRANSFORMING_GROWTH_FACTOR_BETA_RECEPTOR_BINDING,0.6280898876404494,0.5823899371069182,0.46414708886618994,0.5383647798742138
5465,GO_WW_DOMAIN_BINDING,0.5367722165474975,0.5767295597484277,0.5,0.5
5466,GO_PEPTIDE_N_ACETYLTRANSFERASE_ACTIVITY,0.6498467824310521,0.5213836477987421,0.46976506639427984,0.6238993710691824
5467,GO_GLUCOCORTICOID_RECEPTOR_BINDING,0.5674157303370786,0.5314465408805031,0.5,0.5
5468,GO_LIGASE_REGULATOR_ACTIVITY,0.5719101123595506,0.5572327044025157,0.5,0.5
5469,GO_ACTIVE_TRANSMEMBRANE_TRANSPORTER_ACTIVITY,0.7232890704800817,0.5937106918238995,0.46016343207354443,0.5924528301886792
5470,GO_CAMP_RESPONSE_ELEMENT_BINDING,0.561491317671093,0.4716981132075472,0.4922369765066394,0.5238993710691824
5471,GO_PROTEIN_DISULFIDE_OXIDOREDUCTASE_ACTIVITY,0.5578140960163431,0.5861635220125786,0.4841675178753831,0.5383647798742138
5472,GO_PHOSPHATIDYLINOSITOL_BISPHOSPHATE_BINDING,0.6281920326864148,0.5911949685534591,0.4842696629213483,0.5144654088050314
5473,GO_CALCIUM_ION_TRANSMEMBRANE_TRANSPORTER_ACTIVITY,0.6941777323799796,0.5779874213836478,0.4573033707865169,0.5490566037735849
5474,GO_INTERMEDIATE_FILAMENT_BINDING,0.5654749744637385,0.49559748427672956,0.4970377936670072,0.4811320754716981
5475,GO_AMIDE_BINDING,0.6888661899897854,0.659119496855346,0.4241062308478039,0.6937106918238994
5476,GO_LIPOPOLYSACCHARIDE_BINDING,0.5687436159346272,0.5433962264150943,0.4866189989785495,0.5333333333333333
5477,GO_LIGAND_DEPENDENT_NUCLEAR_RECEPTOR_BINDING,0.6194075587334015,0.6232704402515723,0.49979570990806943,0.49559748427672956
5478,GO_POLYPEPTIDE_N_ACETYLGALACTOSAMINYLTRANSFERASE_ACTIVITY,0.5568947906026558,0.5553459119496855,0.4943820224719101,0.5333333333333333
5479,GO_MODIFIED_AMINO_ACID_BINDING,0.6350357507660879,0.5981132075471698,0.4541368743615935,0.48930817610062893
5480,GO_ION_CHANNEL_BINDING,0.6396322778345251,0.7069182389937108,0.46230847803881514,0.6377358490566037
5481,GO_FILAMIN_BINDING,0.5633299284984679,0.49559748427672956,0.49244126659856996,0.5226415094339623
5482,GO_PROTEOGLYCAN_BINDING,0.6191011235955057,0.550314465408805,0.48569969356486214,0.5289308176100629
5483,GO_SUMO_TRANSFERASE_ACTIVITY,0.5416751787538304,0.5276729559748428,0.48314606741573035,0.5333333333333333
5484,GO_MYOSIN_HEAVY_CHAIN_BINDING,0.5320735444330951,0.5289308176100629,0.4943820224719101,0.5333333333333333
5485,GO_LRR_DOMAIN_BINDING,0.5515832482124617,0.5144654088050314,0.4887640449438202,0.5333333333333333
5486,GO_TRANSFERASE_ACTIVITY_TRANSFERRING_AMINO_ACYL_GROUPS,0.5862104187946884,0.5716981132075472,0.4794688457609806,0.5490566037735849
5487,GO_INTEGRIN_BINDING,0.6642492339121552,0.48050314465408805,0.4773237997957099,0.5484276729559748
5488,GO_ALCOHOL_TRANSMEMBRANE_TRANSPORTER_ACTIVITY,0.6166496424923391,0.5477987421383648,0.4887640449438202,0.5333333333333333
5489,GO_CALMODULIN_DEPENDENT_PROTEIN_KINASE_ACTIVITY,0.6279877425944842,0.5044025157232704,0.4810010214504596,0.5050314465408805
5490,GO_MICROFILAMENT_MOTOR_ACTIVITY,0.6382022471910113,0.5484276729559748,0.5,0.5
5491,GO_THIOL_DEPENDENT_UBIQUITIN_SPECIFIC_PROTEASE_ACTIVITY,0.5919305413687437,0.5660377358490566,0.45434116445352407,0.519496855345912
5492,GO_FERROUS_IRON_BINDING,0.5492339121552604,0.5289308176100629,0.4887640449438202,0.4811320754716981
5493,GO_ACETYLCHOLINE_BINDING,0.5825331971399387,0.5383647798742138,0.4844739530132789,0.5289308176100629
5494,GO_TRANSCRIPTION_FACTOR_ACTIVITY_RNA_POLYMERASE_II_CORE_PROMOTER_PROXIMAL_REGION_SEQUENCE_SPECIFIC_BINDING,0.6896833503575075,0.6886792452830189,0.43217568947906027,0.5691823899371069
5495,GO_INORGANIC_CATION_TRANSMEMBRANE_TRANSPORTER_ACTIVITY,0.6898876404494383,0.5270440251572327,0.5019407558733402,0.6025157232704402
5496,GO_NAD_BINDING,0.5441266598569969,0.48050314465408805,0.48314606741573035,0.49056603773584906
5497,GO_ANION_TRANSMEMBRANE_TRANSPORTER_ACTIVITY,0.722267620020429,0.620754716981132,0.48661899897854954,0.4641509433962264
5498,GO_CHAPERONE_BINDING,0.6335035750766087,0.5811320754716981,0.4869254341164453,0.5245283018867924
5499,GO_PROTEIN_TYROSINE_PHOSPHATASE_ACTIVITY,0.6585291113381001,0.5767295597484277,0.4970377936670072,0.4949685534591195
5500,GO_IDENTICAL_PROTEIN_BINDING,0.6740551583248212,0.559748427672956,0.4399387129724208,0.5314465408805031
5501,GO_GALACTOSYLTRANSFERASE_ACTIVITY,0.541164453524004,0.5666666666666667,0.46220633299284986,0.5289308176100629
5502,GO_PHOSPHOTRANSFERASE_ACTIVITY_PHOSPHATE_GROUP_AS_ACCEPTOR,0.6242083758937691,0.5182389937106918,0.47191011235955055,0.5666666666666667
5503,GO_ALKALI_METAL_ION_BINDING,0.6612870275791624,0.5339622641509434,0.47538304392236974,0.5238993710691824
5504,GO_RIBONUCLEOPROTEIN_COMPLEX_BINDING,0.5798774259448417,0.5138364779874214,0.4636363636363636,0.5037735849056604
5505,GO_DNA_APURINIC_OR_APYRIMIDINIC_SITE_LYASE_ACTIVITY,0.5181818181818182,0.46226415094339623,0.4922369765066394,0.5333333333333333
5506,GO_NEUROPILIN_BINDING,0.5959141981613891,0.6194968553459119,0.49785495403472924,0.5572327044025157
5507,GO_PEPTIDE_ANTIGEN_BINDING,0.5662921348314607,0.4861635220125786,0.4887640449438202,0.4716981132075472
5508,GO_DYNEIN_BINDING,0.5628192032686414,0.5025157232704403,0.4914198161389173,0.5238993710691824
5509,GO_TRANSCRIPTIONAL_REPRESSOR_ACTIVITY_RNA_POLYMERASE_II_TRANSCRIPTION_FACTOR_BINDING,0.6668028600612871,0.5012578616352201,0.4866189989785495,0.5238993710691824
5510,GO_RAGE_RECEPTOR_BINDING,0.5117466802860061,0.5238993710691824,0.5,0.5
5511,GO_TRANSLATION_FACTOR_ACTIVITY_RNA_BINDING,0.5519918283963228,0.5490566037735849,0.4561797752808989,0.5371069182389937
5512,GO_LOW_DENSITY_LIPOPROTEIN_RECEPTOR_ACTIVITY,0.5726251276813075,0.6245283018867924,0.4922369765066394,0.5333333333333333
5513,GO_CGMP_BINDING,0.602655771195097,0.5610062893081761,0.449438202247191,0.49559748427672956
5514,GO_DRUG_BINDING,0.6680286006128703,0.5207547169811321,0.445658835546476,0.6144654088050314
5515,GO_SPECTRIN_BINDING,0.6198161389172626,0.5761006289308176,0.46567926455566905,0.6144654088050314
5516,GO_O_ACYLTRANSFERASE_ACTIVITY,0.6138917262512767,0.5245283018867924,0.4842696629213483,0.4716981132075472
5517,GO_TRANSFERASE_ACTIVITY_TRANSFERRING_NITROGENOUS_GROUPS,0.5885597548518896,0.4981132075471698,0.5,0.5
5518,GO_TRANSLATION_INITIATION_FACTOR_BINDING,0.541164453524004,0.5666666666666667,0.4745658835546476,0.4528301886792453
5519,GO_BILE_ACID_TRANSMEMBRANE_TRANSPORTER_ACTIVITY,0.5760980592441267,0.4761006289308176,0.5,0.5
5520,GO_PEPTIDASE_ACTIVATOR_ACTIVITY_INVOLVED_IN_APOPTOTIC_PROCESS,0.5629213483146066,0.5314465408805031,0.4922369765066394,0.5666666666666667
5521,GO_METAL_CLUSTER_BINDING,0.5682328907048009,0.5823899371069182,0.4823289070480081,0.4716981132075472
5522,GO_ENZYME_INHIBITOR_ACTIVITY,0.7090909090909091,0.740880503144654,0.44729315628192035,0.46729559748427674
5523,GO_OXYGEN_BINDING,0.666394279877426,0.550314465408805,0.5,0.5
5524,GO_ENDODEOXYRIBONUCLEASE_ACTIVITY,0.541164453524004,0.4811320754716981,0.4866189989785495,0.49056603773584906
5525,GO_CARBON_NITROGEN_LIGASE_ACTIVITY_WITH_GLUTAMINE_AS_AMIDO_N_DONOR,0.54902962206333,0.5069182389937107,0.49009193054136874,0.46226415094339623
5526,GO_OXIDOREDUCTASE_ACTIVITY_ACTING_ON_THE_CH_NH_GROUP_OF_DONORS_NAD_OR_NADP_AS_ACCEPTOR,0.5292134831460673,0.5911949685534591,0.4866189989785495,0.5333333333333333
5527,GO_ORGANIC_ACID_TRANSMEMBRANE_TRANSPORTER_ACTIVITY,0.6772216547497447,0.569811320754717,0.44167517875383044,0.5635220125786163
5528,GO_LONG_CHAIN_FATTY_ACID_COA_LIGASE_ACTIVITY,0.5676200204290093,0.5823899371069182,0.5,0.5
5529,GO_DEATH_RECEPTOR_BINDING,0.5467824310520939,0.5238993710691824,0.46976506639427984,0.5572327044025157
5530,GO_SUPEROXIDE_GENERATING_NADPH_OXIDASE_ACTIVITY,0.5334014300306436,0.5238993710691824,0.5,0.5
5531,GO_INTRAMOLECULAR_OXIDOREDUCTASE_ACTIVITY_TRANSPOSING_S_S_BONDS,0.5489274770173647,0.49056603773584906,0.5,0.5
5532,GO_RHO_GUANYL_NUCLEOTIDE_EXCHANGE_FACTOR_ACTIVITY,0.6867211440245148,0.5955974842767295,0.46588355464759956,0.5226415094339623
5533,GO_BICARBONATE_TRANSMEMBRANE_TRANSPORTER_ACTIVITY,0.67926455566905,0.5138364779874214,0.4889683350357508,0.5578616352201258
5534,GO_HORMONE_BINDING,0.6275791624106231,0.48742138364779874,0.4736465781409602,0.5666666666666667
5535,GO_INOSITOL_PHOSPHATE_PHOSPHATASE_ACTIVITY,0.5681307456588355,0.6289308176100629,0.4866189989785495,0.46226415094339623
5536,GO_3_5_DNA_HELICASE_ACTIVITY,0.5446373850868234,0.590566037735849,0.49785495403472924,0.5238993710691824
5537,GO_FOUR_WAY_JUNCTION_DNA_BINDING,0.5208375893769153,0.5572327044025157,0.49785495403472924,0.5333333333333333
5538,GO_ISOPRENOID_BINDING,0.6186925434116446,0.6358490566037736,0.5,0.5
5539,GO_PROTEIN_KINASE_A_CATALYTIC_SUBUNIT_BINDING,0.5398365679264555,0.5238993710691824,0.4887640449438202,0.49056603773584906
5540,GO_INOSITOL_TRISPHOSPHATE_KINASE_ACTIVITY,0.5251276813074566,0.49056603773584906,0.5,0.5
5541,GO_MHC_CLASS_I_PROTEIN_BINDING,0.5463738508682329,0.5238993710691824,0.4866189989785495,0.49056603773584906
5542,GO_ORGANIC_ACID_BINDING,0.6993871297242084,0.5333333333333333,0.43309499489274766,0.5465408805031446
5543,GO_GABA_RECEPTOR_BINDING,0.5867211440245149,0.6314465408805031,0.4943820224719101,0.5333333333333333
5544,GO_CARBOXYLIC_ESTER_HYDROLASE_ACTIVITY,0.649438202247191,0.5465408805031446,0.4376915219611849,0.5176100628930818
5545,GO_CARBON_SULFUR_LYASE_ACTIVITY,0.5138917262512769,0.4811320754716981,0.4866189989785495,0.5245283018867924
5546,GO_CARGO_RECEPTOR_ACTIVITY,0.5949948927477017,0.4628930817610063,0.48835546475995917,0.5314465408805031
5547,GO_LIPASE_ACTIVATOR_ACTIVITY,0.5181818181818182,0.49056603773584906,0.4866189989785495,0.49056603773584906
5548,GO_SOLUTE_CATION_ANTIPORTER_ACTIVITY,0.6362614913176711,0.49937106918238994,0.478855975485189,0.5289308176100629
5549,GO_GLUCURONOSYLTRANSFERASE_ACTIVITY,0.621450459652707,0.6069182389937107,0.5,0.5
5550,GO_ANNEALING_ACTIVITY,0.5537282941777323,0.5238993710691824,0.4866189989785495,0.4811320754716981
5551,GO_ION_GATED_CHANNEL_ACTIVITY,0.6389172625127681,0.6327044025157234,0.4793667007150153,0.5144654088050314
5552,GO_HYDROGEN_EXPORTING_ATPASE_ACTIVITY,0.566802860061287,0.49559748427672956,0.4943820224719101,0.5333333333333333
5553,GO_MAP_KINASE_PHOSPHATASE_ACTIVITY,0.5433094994892748,0.46226415094339623,0.4887640449438202,0.4811320754716981
5554,GO_HEPARAN_SULFATE_PROTEOGLYCAN_BINDING,0.5791624106230848,0.47861635220125787,0.4866189989785495,0.4811320754716981
5555,GO_ORGANIC_ANION_TRANSMEMBRANE_TRANSPORTER_ACTIVITY,0.6534218590398365,0.5515723270440251,0.519611848825332,0.5522012578616352
5556,GO_WIDE_PORE_CHANNEL_ACTIVITY,0.5722165474974463,0.4949685534591195,0.4970377936670072,0.5238993710691824
5557,GO_DEOXYRIBONUCLEASE_ACTIVITY,0.5528089887640448,0.48930817610062893,0.4711950970377936,0.5622641509433962
5558,GO_RRNA_BINDING,0.5320735444330951,0.49559748427672956,0.4781409601634321,0.5182389937106918
5559,GO_OXIDOREDUCTASE_ACTIVITY_ACTING_ON_SINGLE_DONORS_WITH_INCORPORATION_OF_MOLECULAR_OXYGEN,0.5701736465781408,0.5811320754716981,0.4844739530132789,0.5238993710691824
5560,GO_ORGANIC_ACID_SODIUM_SYMPORTER_ACTIVITY,0.5772216547497446,0.5572327044025157,0.5,0.5
5561,GO_CARBOHYDRATE_TRANSPORTER_ACTIVITY,0.5890704800817159,0.5006289308176101,0.4662921348314607,0.5666666666666667
5562,GO_VITAMIN_BINDING,0.6226762002042902,0.5943396226415094,0.47211440245148106,0.5050314465408805
5563,GO_RAL_GTPASE_BINDING,0.5629213483146067,0.519496855345912,0.4943820224719101,0.4811320754716981
5564,GO_CHEMOKINE_ACTIVITY,0.5593462717058222,0.5477987421383648,0.4943820224719101,0.5333333333333333
5565,GO_UDP_GLYCOSYLTRANSFERASE_ACTIVITY,0.6426966292134831,0.5610062893081761,0.47477017364657814,0.569811320754717
5566,GO_GLUTATHIONE_TRANSFERASE_ACTIVITY,0.5337078651685392,0.5477987421383648,0.4887640449438202,0.5238993710691824
5567,GO_OXIDOREDUCTASE_ACTIVITY_ACTING_ON_NAD_P_H_OXYGEN_AS_ACCEPTOR,0.5601634320735444,0.4861635220125786,0.4943820224719101,0.4716981132075472
5568,GO_SULFOTRANSFERASE_ACTIVITY,0.6397344228804902,0.6144654088050314,0.4640449438202247,0.5735849056603773
5569,GO_WNT_ACTIVATED_RECEPTOR_ACTIVITY,0.5470888661899899,0.5490566037735849,0.49570990806945864,0.5238993710691824
5570,GO_PHOSPHATIDYLINOSITOL_3_PHOSPHATE_BINDING,0.5677221654749744,0.640251572327044,0.5,0.5
5571,GO_LYASE_ACTIVITY,0.6507660878447395,0.610691823899371,0.4078651685393258,0.610062893081761
5572,GO_CHOLESTEROL_TRANSPORTER_ACTIVITY,0.5753830439223698,0.5251572327044025,0.4892747701736465,0.49559748427672956
5573,GO_TRANSCRIPTIONAL_ACTIVATOR_ACTIVITY_RNA_POLYMERASE_II_CORE_PROMOTER_PROXIMAL_REGION_SEQUENCE_SPECIFIC_BINDING,0.6916241062308477,0.6069182389937108,0.4782431052093974,0.49245283018867925
5574,GO_SINGLE_STRANDED_DNA_DEPENDENT_ATPASE_ACTIVITY,0.5493360572012257,0.5144654088050314,0.4943820224719101,0.4716981132075472
5575,GO_N_ACYLTRANSFERASE_ACTIVITY,0.6243105209397344,0.5484276729559748,0.46465781409601636,0.5716981132075472
5576,GO_PROTEIN_PHOSPHATASE_1_BINDING,0.5350357507660879,0.5276729559748428,0.4887640449438202,0.5333333333333333
5577,GO_CHEMOATTRACTANT_ACTIVITY,0.5526046986721144,0.5144654088050314,0.5,0.5
5578,GO_CORECEPTOR_ACTIVITY,0.6003064351378959,0.5647798742138365,0.49785495403472924,0.49056603773584906
5579,GO_QUATERNARY_AMMONIUM_GROUP_BINDING,0.6729315628192032,0.5962264150943396,0.4810010214504596,0.5144654088050314
5580,GO_VOLTAGE_GATED_POTASSIUM_CHANNEL_ACTIVITY,0.6855975485188969,0.5849056603773586,0.48978549540347294,0.6176100628930817
5581,GO_CYCLIN_DEPENDENT_PROTEIN_KINASE_ACTIVITY,0.5572012257405516,0.48930817610062893,0.4738508682328907,0.5578616352201258
5582,GO_TRANSMEMBRANE_TRANSPORTER_ACTIVITY,0.7039836567926456,0.5138364779874214,0.49560776302349335,0.5641509433962264
5583,GO_CHEMOKINE_BINDING,0.5313585291113382,0.4981132075471698,0.5,0.5
5584,GO_PEPTIDE_HORMONE_BINDING,0.6059244126659857,0.5716981132075472,0.48314606741573035,0.5333333333333333
5585,GO_KINESIN_BINDING,0.5835546475995914,0.48553459119496856,0.4676200204290092,0.5333333333333333
5586,GO_PHOSPHATIDYLINOSITOL_3_KINASE_ACTIVITY,0.698161389172625,0.5459119496855346,0.49570990806945864,0.5383647798742138
5587,GO_UBIQUITIN_LIKE_PROTEIN_CONJUGATING_ENZYME_BINDING,0.5286006128702757,0.5465408805031446,0.4892747701736465,0.5666666666666667
5588,GO_STEROID_HORMONE_RECEPTOR_BINDING,0.6315628192032687,0.6138364779874214,0.448314606741573,0.5691823899371069
5589,GO_BITTER_TASTE_RECEPTOR_ACTIVITY,0.5515832482124617,0.4811320754716981,0.48774259448416757,0.5050314465408805
5590,GO_PROTEIN_KINASE_C_ACTIVITY,0.5606741573033708,0.5238993710691824,0.5,0.5
5591,GO_AU_RICH_ELEMENT_BINDING,0.5432073544433095,0.5383647798742138,0.4914198161389173,0.49056603773584906
5592,GO_UBIQUITIN_LIKE_PROTEIN_LIGASE_BINDING,0.6748723186925435,0.5528301886792453,0.49519918283963227,0.540251572327044
5593,GO_LIPOPROTEIN_PARTICLE_RECEPTOR_ACTIVITY,0.5855975485188969,0.5647798742138365,0.4841675178753831,0.5383647798742138
5594,GO_RNA_HELICASE_ACTIVITY,0.636976506639428,0.5025157232704403,0.4853932584269663,0.5289308176100629
5595,GO_CYCLIN_DEPENDENT_PROTEIN_SERINE_THREONINE_KINASE_REGULATOR_ACTIVITY,0.5307456588355465,0.5238993710691824,0.4866189989785495,0.5144654088050314
5596,GO_CCR_CHEMOKINE_RECEPTOR_BINDING,0.5251276813074566,0.49056603773584906,0.5,0.5
5597,GO_GABA_RECEPTOR_ACTIVITY,0.6005107252298263,0.679874213836478,0.46976506639427984,0.5333333333333333
5598,GO_DNA_DEPENDENT_ATPASE_ACTIVITY,0.6363636363636364,0.6025157232704402,0.45229826353421865,0.510062893081761
5599,GO_METALLOPEPTIDASE_ACTIVITY,0.6824310520939734,0.5924528301886792,0.46149131767109297,0.5578616352201258
5600,GO_UBIQUITIN_LIKE_PROTEIN_LIGASE_ACTIVITY,0.6487231869254342,0.4591194968553459,0.420020429009193,0.6088050314465409
5601,GO_OXIDOREDUCTASE_ACTIVITY_ACTING_ON_THE_CH_CH_GROUP_OF_DONORS_NAD_OR_NADP_AS_ACCEPTOR,0.5860061287027579,0.5654088050314465,0.48314606741573035,0.5333333333333333
5602,GO_GUANYL_NUCLEOTIDE_BINDING,0.6920326864147089,0.6358490566037736,0.40612870275791624,0.49056603773584906
5603,GO_PHOSPHATIDYLINOSITOL_3_KINASE_BINDING,0.6115423901940756,0.5578616352201258,0.49570990806945864,0.49056603773584906
5604,GO_ENDONUCLEASE_ACTIVITY,0.6424923391215527,0.43522012578616354,0.45403472931562827,0.6037735849056604
5605,GO_TRANSCRIPTIONAL_REPRESSOR_ACTIVITY_RNA_POLYMERASE_II_CORE_PROMOTER_PROXIMAL_REGION_SEQUENCE_SPECIFIC_BINDING,0.6296220633299285,0.6283018867924528,0.4598569969356486,0.5050314465408805
5606,GO_ANION_ANION_ANTIPORTER_ACTIVITY,0.6659856996935649,0.540251572327044,0.5,0.5
5607,GO_TASTE_RECEPTOR_ACTIVITY,0.5548518896833503,0.5044025157232704,0.478855975485189,0.5050314465408805
5608,GO_ORGANIC_CATION_TRANSMEMBRANE_TRANSPORTER_ACTIVITY,0.5433094994892748,0.5666666666666667,0.49356486210418793,0.5333333333333333
5609,GO_WATER_TRANSMEMBRANE_TRANSPORTER_ACTIVITY,0.5321756894790601,0.4817610062893082,0.4866189989785495,0.4767295597484277
5610,GO_ACTIVIN_BINDING,0.5307456588355465,0.6,0.5,0.5
5611,GO_OXIDOREDUCTASE_ACTIVITY_ACTING_ON_THE_CH_NH2_GROUP_OF_DONORS,0.5956077630234934,0.5050314465408805,0.48314606741573035,0.5238993710691824
5612,GO_BETA_AMYLOID_BINDING,0.6074565883554648,0.5955974842767295,0.4943820224719101,0.5238993710691824
5613,GO_HYDROLASE_ACTIVITY_HYDROLYZING_N_GLYCOSYL_COMPOUNDS,0.5253319713993871,0.46226415094339623,0.4922369765066394,0.49056603773584906
5614,GO_PROTEIN_HORMONE_RECEPTOR_ACTIVITY,0.55658835546476,0.5572327044025157,0.4715015321756894,0.5157232704402516
5615,GO_CHEMOKINE_RECEPTOR_BINDING,0.5467824310520939,0.5238993710691824,0.4943820224719101,0.5333333333333333
5616,GO_PROLINE_RICH_REGION_BINDING,0.5515832482124617,0.4767295597484277,0.4970377936670072,0.49056603773584906
5617,GO_VOLTAGE_GATED_SODIUM_CHANNEL_ACTIVITY,0.5972420837589377,0.48553459119496856,0.49060265577119505,0.4578616352201258
5618,GO_OXIDOREDUCTASE_ACTIVITY_ACTING_ON_PAIRED_DONORS_WITH_INCORPORATION_OR_REDUCTION_OF_MOLECULAR_OXYGEN,0.704902962206333,0.5465408805031446,0.4400408580183861,0.48050314465408805
5619,GO_TRANSCRIPTION_FACTOR_ACTIVITY_PROTEIN_BINDING,0.7006128702757917,0.5918238993710692,0.4499489274770174,0.5767295597484277
5620,GO_INTRAMOLECULAR_TRANSFERASE_ACTIVITY_PHOSPHOTRANSFERASES,0.5,0.5,0.49785495403472924,0.5333333333333333
5621,GO_SINGLE_STRANDED_DNA_BINDING,0.6260469867211441,0.5471698113207547,0.46384065372829414,0.580503144654088
5622,GO_TYPE_I_INTERFERON_RECEPTOR_BINDING,0.5308478038815118,0.5144654088050314,0.4922369765066394,0.5333333333333333
5623,GO_RIBONUCLEOTIDE_BINDING,0.6749744637385087,0.5735849056603773,0.48457609805924406,0.59874213836478
5624,GO_TRANSCRIPTION_COACTIVATOR_BINDING,0.5634320735444331,0.5069182389937107,0.47191011235955055,0.5144654088050314
5625,GO_RETINOIC_ACID_RECEPTOR_BINDING,0.5609805924412666,0.5836477987421383,0.5,0.5
5626,GO_PHOSPHATIDYLINOSITOL_PHOSPHATE_KINASE_ACTIVITY,0.6393258426966292,0.5339622641509434,0.4910112359550562,0.5477987421383648
5627,GO_ACTIVATING_TRANSCRIPTION_FACTOR_BINDING,0.5833503575076608,0.5672955974842767,0.4867211440245148,0.5245283018867924
5628,GO_NEUREXIN_FAMILY_PROTEIN_BINDING,0.5415730337078651,0.5578616352201258,0.4991828396322778,0.5238993710691824
5629,GO_MICROTUBULE_BINDING,0.7268641470888662,0.519496855345912,0.49193054136874353,0.5358490566037736
5630,GO_TUBULIN_BINDING,0.7314606741573034,0.5880503144654088,0.4574055158324822,0.45849056603773586
5631,GO_ORGANOPHOSPHATE_ESTER_TRANSMEMBRANE_TRANSPORTER_ACTIVITY,0.5,0.5,0.4887640449438202,0.5333333333333333
5632,GO_TRANSMEMBRANE_RECEPTOR_PROTEIN_PHOSPHATASE_ACTIVITY,0.5895812053115425,0.5559748427672956,0.4810010214504596,0.5333333333333333
5633,GO_NADP_BINDING,0.6208375893769152,0.5855345911949685,0.48314606741573035,0.5238993710691824
5634,GO_S_ADENOSYLMETHIONINE_DEPENDENT_METHYLTRANSFERASE_ACTIVITY,0.6488253319713994,0.4981132075471698,0.459652706843718,0.5647798742138365
5635,GO_KINASE_ACTIVATOR_ACTIVITY,0.5775280898876405,0.49937106918238994,0.47231869254341163,0.5062893081761006
5636,GO_HISTONE_LYSINE_N_METHYLTRANSFERASE_ACTIVITY,0.6035750766087845,0.5138364779874214,0.5,0.5
5637,GO_INSULIN_LIKE_GROWTH_FACTOR_RECEPTOR_BINDING,0.5529111338100101,0.5238993710691824,0.4922369765066394,0.4716981132075472
5638,GO_MOTOR_ACTIVITY,0.6740551583248212,0.5773584905660377,0.4617977528089887,0.5333333333333333
5639,GO_TRANSCRIPTION_FACTOR_BINDING,0.7043922369765067,0.6,0.5135852911133809,0.6358490566037736
5640,GO_TRNA_SPECIFIC_RIBONUCLEASE_ACTIVITY,0.5195097037793667,0.49056603773584906,0.4810010214504596,0.5238993710691824
5641,GO_SOLUTE_CATION_SYMPORTER_ACTIVITY,0.698876404494382,0.520125786163522,0.4432073544433095,0.5761006289308176
5642,GO_UBIQUITIN_SPECIFIC_PROTEASE_BINDING,0.5216547497446373,0.49056603773584906,0.4922369765066394,0.49056603773584906
5643,GO_PHOSPHOLIPID_TRANSPORTER_ACTIVITY,0.6108273748723186,0.5389937106918239,0.4512768130745659,0.5044025157232704
5644,GO_RETINOID_X_RECEPTOR_BINDING,0.5592441266598569,0.5471698113207547,0.49499489274770175,0.530188679245283
5645,GO_MONOCARBOXYLIC_ACID_TRANSMEMBRANE_TRANSPORTER_ACTIVITY,0.6452502553626149,0.6069182389937107,0.4866189989785495,0.5333333333333333
5646,GO_ANION_TRANSMEMBRANE_TRANSPORTING_ATPASE_ACTIVITY,0.5689479060265578,0.46226415094339623,0.5,0.5
5647,GO_POTASSIUM_ION_BINDING,0.5537282941777323,0.5050314465408805,0.4786516853932585,0.5238993710691824
5648,GO_BASAL_TRANSCRIPTION_MACHINERY_BINDING,0.5251276813074566,0.49056603773584906,0.48314606741573035,0.4811320754716981
5649,GO_INTRACELLULAR_LIGAND_GATED_ION_CHANNEL_ACTIVITY,0.631358529111338,0.5345911949685535,0.4858018386108274,0.5144654088050314
5650,GO_LIGASE_ACTIVITY_FORMING_CARBON_NITROGEN_BONDS,0.6167517875383044,0.5654088050314465,0.47538304392236974,0.5245283018867924
5651,GO_1_PHOSPHATIDYLINOSITOL_BINDING,0.5816138917262513,0.5861635220125786,0.4689479060265577,0.5477987421383648
5652,GO_OXIDOREDUCTASE_ACTIVITY_ACTING_ON_PEROXIDE_AS_ACCEPTOR,0.5816138917262512,0.530188679245283,0.4844739530132789,0.5477987421383648
5653,GO_GROWTH_FACTOR_RECEPTOR_BINDING,0.6735444330949948,0.549685534591195,0.4699693564862104,0.540251572327044
5654,GO_PHOSPHOLIPASE_A2_ACTIVITY,0.5937691521961185,0.60062893081761,0.4879468845760981,0.49056603773584906
5655,GO_TITIN_BINDING,0.6140960163432073,0.479874213836478,0.5,0.5
5656,GO_NUCLEOBASE_CONTAINING_COMPOUND_TRANSMEMBRANE_TRANSPORTER_ACTIVITY,0.5160367722165474,0.5238993710691824,0.48314606741573035,0.5238993710691824
5657,GO_GTPASE_ACTIVATING_PROTEIN_BINDING,0.5590398365679264,0.5578616352201258,0.5,0.5
5658,GO_OXIDOREDUCTASE_ACTIVITY_ACTING_ON_THE_CH_NH2_GROUP_OF_DONORS_OXYGEN_AS_ACCEPTOR,0.5558733401430032,0.49056603773584906,0.49009193054136874,0.49056603773584906
5659,GO_LIGAND_DEPENDENT_NUCLEAR_RECEPTOR_TRANSCRIPTION_COACTIVATOR_ACTIVITY,0.5850868232890705,0.5635220125786163,0.45679264555669047,0.5779874213836478
5660,GO_HSP70_PROTEIN_BINDING,0.5359550561797752,0.48553459119496856,0.4866189989785495,0.49056603773584906
5661,GO_SNRNA_BINDING,0.5305413687436159,0.4578616352201258,0.4823289070480081,0.4716981132075472
5662,GO_ENZYME_REGULATOR_ACTIVITY,0.7245148110316649,0.6477987421383647,0.4605720122574055,0.540251572327044
5663,GO_ARF_GUANYL_NUCLEOTIDE_EXCHANGE_FACTOR_ACTIVITY,0.5972420837589376,0.5245283018867924,0.4887640449438202,0.49056603773584906
5664,GO_CARBONATE_DEHYDRATASE_ACTIVITY,0.5342185903983656,0.5333333333333333,0.5,0.5
5665,GO_RECEPTOR_SIGNALING_COMPLEX_SCAFFOLD_ACTIVITY,0.6038815117466803,0.5610062893081761,0.4732379979570991,0.5144654088050314
5666,GO_GLYCOPROTEIN_BINDING,0.6595505617977528,0.5867924528301887,0.47323799795709903,0.5257861635220126
5667,GO_MYOSIN_V_BINDING,0.5195097037793667,0.5144654088050314,0.5,0.5
5668,GO_EXOPEPTIDASE_ACTIVITY,0.6701736465781409,0.48050314465408805,0.5203268641470888,0.5138364779874214
5669,GO_NUCLEOTIDE_TRANSMEMBRANE_TRANSPORTER_ACTIVITY,0.5,0.5,0.4887640449438202,0.5333333333333333
5670,GO_FUCOSYLTRANSFERASE_ACTIVITY,0.5790602655771195,0.5144654088050314,0.4759959141981614,0.5811320754716981
5671,GO_SOLUTE_PROTON_SYMPORTER_ACTIVITY,0.5880490296220634,0.5144654088050314,0.4887640449438202,0.49056603773584906
5672,GO_PLATELET_DERIVED_GROWTH_FACTOR_BINDING,0.6357507660878448,0.5044025157232704,0.4866189989785495,0.5333333333333333
5673,GO_PHOSPHOTRANSFERASE_ACTIVITY_NITROGENOUS_GROUP_AS_ACCEPTOR,0.5706843718079674,0.5452830188679245,0.5,0.5
5674,GO_SNARE_BINDING,0.6447395301327886,0.5484276729559748,0.46281920326864145,0.5754716981132075
5675,GO_GTP_RHO_BINDING,0.5636363636363636,0.5238993710691824,0.4887640449438202,0.49056603773584906
5676,GO_DELAYED_RECTIFIER_POTASSIUM_CHANNEL_ACTIVITY,0.6444330949948928,0.5578616352201258,0.49039836567926454,0.5276729559748428
5677,GO_NAD_DEPENDENT_PROTEIN_DEACETYLASE_ACTIVITY,0.5536261491317671,0.5138364779874214,0.5,0.5
5678,GO_PHOSPHATIDIC_ACID_BINDING,0.5601634320735444,0.5383647798742138,0.449438202247191,0.49559748427672956
5679,GO_DICARBOXYLIC_ACID_TRANSMEMBRANE_TRANSPORTER_ACTIVITY,0.6486210418794688,0.5308176100628931,0.4861082737487231,0.5930817610062893
5680,GO_TRANSLATION_REGULATOR_ACTIVITY,0.5334014300306436,0.49056603773584906,0.4943820224719101,0.5572327044025157
5681,GO_ACETYLGLUCOSAMINYLTRANSFERASE_ACTIVITY,0.5574055158324822,0.5264150943396226,0.48764044943820223,0.5622641509433962
5682,GO_INTRAMOLECULAR_OXIDOREDUCTASE_ACTIVITY_TRANSPOSING_C_C_BONDS,0.5104187946884576,0.49056603773584906,0.47538304392236974,0.5050314465408805
5683,GO_NF_KAPPAB_BINDING,0.5355464759959141,0.5144654088050314,0.47538304392236974,0.5314465408805031
5684,GO_SODIUM_INDEPENDENT_ORGANIC_ANION_TRANSMEMBRANE_TRANSPORTER_ACTIVITY,0.5953013278855975,0.510062893081761,0.5,0.5
5685,GO_BIOACTIVE_LIPID_RECEPTOR_ACTIVITY,0.5740551583248211,0.540251572327044,0.46813074565883556,0.5289308176100629
5686,GO_STORE_OPERATED_CALCIUM_CHANNEL_ACTIVITY,0.5529111338100101,0.5622641509433962,0.4927477017364658,0.5050314465408805
5687,GO_CALCIUM_DEPENDENT_PROTEIN_KINASE_ACTIVITY,0.5606741573033708,0.5238993710691824,0.47926455566905,0.5622641509433962
5688,GO_MACROMOLECULE_TRANSMEMBRANE_TRANSPORTER_ACTIVITY,0.5229826353421858,0.5238993710691824,0.47752808988764045,0.4811320754716981
5689,GO_PEPTIDASE_INHIBITOR_ACTIVITY,0.7048008171603677,0.6226415094339623,0.436976506639428,0.580503144654088
5690,GO_RAC_GTPASE_BINDING,0.6151174668028601,0.6352201257861635,0.46853932584269664,0.49559748427672956
5691,GO_SULFURIC_ESTER_HYDROLASE_ACTIVITY,0.5858018386108275,0.5383647798742138,0.4906026557711951,0.5050314465408805
5692,GO_SECONDARY_ACTIVE_TRANSMEMBRANE_TRANSPORTER_ACTIVITY,0.7443309499489275,0.5647798742138365,0.4769152196118488,0.5773584905660377
5693,GO_PEPTIDOGLYCAN_BINDING,0.5711950970377937,0.5144654088050314,0.49785495403472924,0.49056603773584906
5694,GO_DRUG_TRANSPORTER_ACTIVITY,0.5927477017364658,0.5559748427672956,0.5,0.5
5695,GO_HYALURONIC_ACID_BINDING,0.6230847803881512,0.5553459119496855,0.4841675178753831,0.5383647798742138
5696,GO_ENZYME_BINDING,0.6926455566905005,0.6025157232704403,0.5341164453524004,0.570440251572327
5697,GO_TRANSLATION_REPRESSOR_ACTIVITY,0.5359550561797752,0.4811320754716981,0.49356486210418793,0.4811320754716981
5698,GO_DNA_DIRECTED_DNA_POLYMERASE_ACTIVITY,0.5466802860061287,0.5226415094339623,0.4869254341164453,0.540251572327044
5699,GO_COFACTOR_BINDING,0.6841675178753831,0.5213836477987421,0.44382022471910115,0.5849056603773585
5700,GO_RNA_POLYMERASE_II_ACTIVATING_TRANSCRIPTION_FACTOR_BINDING,0.5883554647599591,0.5874213836477987,0.5,0.5
5701,GO_RNA_POLYMERASE_II_TRANSCRIPTION_COACTIVATOR_ACTIVITY,0.5846782431052094,0.46855345911949686,0.48314606741573035,0.49056603773584906
5702,GO_PEROXISOME_PROLIFERATOR_ACTIVATED_RECEPTOR_BINDING,0.6,0.6050314465408805,0.4871297242083759,0.5050314465408805
5703,GO_K63_LINKED_POLYUBIQUITIN_BINDING,0.5342185903983656,0.49056603773584906,0.5,0.5
5704,GO_OXIDOREDUCTASE_ACTIVITY_ACTING_ON_CH_OH_GROUP_OF_DONORS,0.6366700715015322,0.720754716981132,0.4452502553626149,0.5276729559748428
5705,GO_CULLIN_FAMILY_PROTEIN_BINDING,0.5069458631256384,0.5333333333333333,0.4943820224719101,0.49056603773584906
5706,GO_PROTEIN_TYROSINE_KINASE_BINDING,0.621144024514811,0.5584905660377358,0.4796731358529112,0.5509433962264151
5707,GO_INSULIN_RECEPTOR_SUBSTRATE_BINDING,0.602247191011236,0.5490566037735849,0.49356486210418793,0.5238993710691824
5708,GO_MONOVALENT_CATION_PROTON_ANTIPORTER_ACTIVITY,0.6197139938712972,0.5012578616352201,0.4922369765066394,0.5238993710691824
5709,GO_ZINC_ION_BINDING,0.711338100102145,0.549685534591195,0.4682328907048008,0.5176100628930818
5710,GO_TETRAPYRROLE_BINDING,0.6816138917262513,0.5949685534591196,0.5228804902962206,0.5855345911949685
5711,GO_3_5_EXONUCLEASE_ACTIVITY,0.5325842696629214,0.5238993710691824,0.46894790602655767,0.5716981132075472
5712,GO_MITOGEN_ACTIVATED_PROTEIN_KINASE_KINASE_KINASE_BINDING,0.556179775280899,0.5245283018867924,0.4991828396322778,0.5572327044025157
5713,GO_PDZ_DOMAIN_BINDING,0.6758937691521961,0.6144654088050314,0.4765066394279877,0.6
5714,GO_POLY_A_RNA_BINDING,0.7195097037793666,0.5911949685534592,0.45985699693564863,0.5779874213836478
5715,GO_POTASSIUM_CHANNEL_REGULATOR_ACTIVITY,0.6146067415730337,0.6283018867924528,0.4776302349336057,0.5144654088050314
5716,GO_EXTRACELLULAR_LIGAND_GATED_ION_CHANNEL_ACTIVITY,0.6664964249233912,0.638993710691824,0.4311542390194075,0.5628930817610063
5717,GO_G_PROTEIN_COUPLED_AMINE_RECEPTOR_ACTIVITY,0.5870275791624107,0.6427672955974842,0.4772216547497446,0.540251572327044
5718,GO_CXCR_CHEMOKINE_RECEPTOR_BINDING,0.5,0.5,0.4943820224719101,0.5333333333333333
5719,GO_IRON_ION_BINDING,0.6972420837589377,0.5006289308176101,0.4981613891726251,0.5471698113207547
5720,GO_STEROID_HYDROXYLASE_ACTIVITY,0.6393258426966292,0.6314465408805031,0.47415730337078654,0.590566037735849
5721,GO_SIGNALING_ADAPTOR_ACTIVITY,0.5905005107252298,0.5446540880503145,0.42696629213483145,0.5245283018867924
5722,GO_G_PROTEIN_BETA_GAMMA_SUBUNIT_COMPLEX_BINDING,0.5676200204290092,0.5383647798742138,0.4866189989785495,0.5238993710691824
5723,GO_DOPAMINE_BINDING,0.5628192032686415,0.5144654088050314,0.5,0.5
5724,GO_SH3_SH2_ADAPTOR_ACTIVITY,0.5933605720122573,0.510062893081761,0.4662921348314607,0.5238993710691824
5725,GO_RETINOL_BINDING,0.5472931562819204,0.519496855345912,0.4943820224719101,0.49056603773584906
5726,GO_INORGANIC_ANION_EXCHANGER_ACTIVITY,0.6551583248212463,0.5333333333333333,0.4892747701736465,0.5572327044025157
5727,GO_RETINOL_DEHYDROGENASE_ACTIVITY,0.5481103166496425,0.569811320754717,0.47191011235955055,0.49056603773584906
5728,GO_PHOSPHOLIPASE_C_ACTIVITY,0.586414708886619,0.5050314465408805,0.4593462717058223,0.6069182389937107
5729,GO_NUCLEOSOMAL_DNA_BINDING,0.6013278855975486,0.5314465408805031,0.48314606741573035,0.49056603773584906
5730,GO_LIPASE_ACTIVITY,0.6642492339121552,0.5534591194968553,0.45045965270684374,0.5446540880503145
5731,GO_PROTEIN_BINDING_INVOLVED_IN_CELL_CELL_ADHESION,0.5972420837589376,0.5226415094339623,0.48855975485188974,0.5540880503144654
5732,GO_PHOSPHATIDYLINOSITOL_3_4_BISPHOSPHATE_BINDING,0.5187946884576098,0.5069182389937107,0.4810010214504596,0.4716981132075472
5733,GO_ACTIN_DEPENDENT_ATPASE_ACTIVITY,0.6055158324821245,0.5911949685534591,0.4996935648621042,0.5955974842767295
5734,GO_PROTEIN_SERINE_THREONINE_KINASE_ACTIVITY,0.7045965270684372,0.5647798742138366,0.46966292134831467,0.5572327044025157
5735,GO_METHYL_CPG_BINDING,0.5363636363636364,0.5144654088050314,0.5,0.5
5736,GO_TRANSLATION_REGULATOR_ACTIVITY_NUCLEIC_ACID_BINDING,0.541164453524004,0.540251572327044,0.4948927477017364,0.46226415094339623
5737,GO_RECEPTOR_ACTIVITY,0.6547497446373851,0.6333333333333333,0.507150153217569,0.5867924528301887
5738,GO_ACTIN_MONOMER_BINDING,0.5902962206332993,0.4981132075471698,0.4887640449438202,0.5238993710691824
5739,GO_REPRESSING_TRANSCRIPTION_FACTOR_BINDING,0.5867211440245149,0.530188679245283,0.4879468845760981,0.540251572327044
5740,GO_POLYOL_TRANSMEMBRANE_TRANSPORTER_ACTIVITY,0.5243105209397344,0.5050314465408805,0.49785495403472924,0.5333333333333333
5741,GO_CHROMATIN_BINDING,0.7114402451481103,0.5540880503144654,0.4550561797752809,0.5559748427672956
5742,GO_MYOSIN_BINDING,0.618488253319714,0.43647798742138366,0.49785495403472924,0.49056603773584906
5743,GO_HYDROLASE_ACTIVITY_ACTING_ON_CARBON_NITROGEN_BUT_NOT_PEPTIDE_BONDS_IN_LINEAR_AMIDES,0.6194075587334015,0.5584905660377358,0.47201225740551583,0.5138364779874214
5744,GO_CHEMOREPELLENT_ACTIVITY,0.6077630234933605,0.5383647798742138,0.49785495403472924,0.5144654088050314
5745,GO_MAP_KINASE_KINASE_ACTIVITY,0.549438202247191,0.5289308176100629,0.4887640449438202,0.49056603773584906
5746,GO_ANTIGEN_BINDING,0.6608784473953013,0.5735849056603773,0.49570990806945864,0.5415094339622641
5747,GO_PROTEIN_DOMAIN_SPECIFIC_BINDING,0.6848825331971401,0.560377358490566,0.4487231869254341,0.5635220125786163
5748,GO_SODIUM_CHANNEL_REGULATOR_ACTIVITY,0.5853932584269663,0.5528301886792453,0.4970377936670072,0.5333333333333333
5749,GO_POLY_A_SPECIFIC_RIBONUCLEASE_ACTIVITY,0.5138917262512769,0.4811320754716981,0.4991828396322778,0.5238993710691824
5750,GO_OXIDOREDUCTASE_ACTIVITY_ACTING_ON_THE_ALDEHYDE_OR_OXO_GROUP_OF_DONORS,0.6054136874361594,0.6069182389937107,0.4780388151174669,0.5647798742138365
5751,GO_DOUBLE_STRANDED_RNA_BINDING,0.6239019407558734,0.5150943396226415,0.4693564862104188,0.5226415094339623
5752,GO_MHC_PROTEIN_BINDING,0.561491317671093,0.5572327044025157,0.4831460674157303,0.5138364779874214
5753,GO_POTASSIUM_CHANNEL_ACTIVITY,0.6828396322778346,0.6062893081761007,0.45066394279877425,0.5308176100628931
5754,GO_FATTY_ACID_LIGASE_ACTIVITY,0.5741573033707864,0.4911949685534591,0.5,0.5
5755,GO_APOLIPOPROTEIN_BINDING,0.5829417773237998,0.5716981132075472,0.4801838610827375,0.5144654088050314
5756,GO_LIPID_BINDING,0.7073544433094994,0.6440251572327044,0.47650663942798777,0.5710691823899372
5757,GO_HISTONE_ACETYLTRANSFERASE_BINDING,0.6019407558733402,0.540251572327044,0.47752808988764045,0.5666666666666667
5758,GO_STRUCTURAL_CONSTITUENT_OF_CYTOSKELETON,0.6918283963227784,0.5452830188679245,0.5052093973442288,0.4861635220125786
5759,GO_IGG_BINDING,0.5398365679264555,0.49559748427672956,0.46976506639427984,0.49056603773584906
5760,GO_2_IRON_2_SULFUR_CLUSTER_BINDING,0.5277834525025537,0.5144654088050314,0.5,0.5
5761,GO_ALPHA_ACTININ_BINDING,0.6499489274770174,0.5672955974842767,0.5,0.5
5762,GO_OXIDOREDUCTASE_ACTIVITY_ACTING_ON_A_SULFUR_GROUP_OF_DONORS,0.5671092951991829,0.4811320754716981,0.4943820224719101,0.49056603773584906
5763,GO_DEACETYLASE_ACTIVITY,0.5894790602655772,0.510062893081761,0.5005107252298263,0.5157232704402516
5764,GO_TUMOR_NECROSIS_FACTOR_RECEPTOR_BINDING,0.5953013278855976,0.5955974842767295,0.4887640449438202,0.49056603773584906
5765,GO_FLAVIN_ADENINE_DINUCLEOTIDE_BINDING,0.6141981613891726,0.5012578616352201,0.48314606741573035,0.49559748427672956
5766,GO_TRANSFERASE_ACTIVITY_TRANSFERRING_ONE_CARBON_GROUPS,0.6559754851889683,0.4610062893081761,0.44943820224719094,0.4767295597484277
5767,GO_PROTEIN_N_TERMINUS_BINDING,0.6269662921348315,0.49433962264150944,0.4799795709908069,0.580503144654088
5768,GO_ANGIOTENSIN_RECEPTOR_BINDING,0.5363636363636364,0.49056603773584906,0.4887640449438202,0.4811320754716981
5769,GO_INWARD_RECTIFIER_POTASSIUM_CHANNEL_ACTIVITY,0.6031664964249234,0.560377358490566,0.4871297242083759,0.5333333333333333
5770,GO_GLUCOSYLTRANSFERASE_ACTIVITY,0.5489274770173647,0.5238993710691824,0.5,0.5
5771,GO_RIBONUCLEASE_P_ACTIVITY,0.5,0.5,0.4810010214504596,0.5238993710691824
5772,GO_P53_BINDING,0.6055158324821246,0.6069182389937107,0.4576098059244127,0.6421383647798742
5773,GO_PROTON_TRANSPORTING_ATP_SYNTHASE_ACTIVITY_ROTATIONAL_MECHANISM,0.5,0.5,0.5,0.5
5774,GO_PEPTIDE_RECEPTOR_ACTIVITY,0.6446373850868233,0.569811320754717,0.46721144024514816,0.6069182389937107
5775,GO_SYMPORTER_ACTIVITY,0.697344228804903,0.4729559748427673,0.4651685393258427,0.5452830188679245
5776,GO_FRIZZLED_BINDING,0.5312563840653728,0.6144654088050314,0.4922369765066394,0.49056603773584906
5777,GO_RNA_POLYMERASE_II_TRANSCRIPTION_COFACTOR_ACTIVITY,0.6371807967313585,0.45157232704402517,0.4922369765066394,0.5333333333333333
5778,GO_RNA_POLYMERASE_II_CARBOXY_TERMINAL_DOMAIN_KINASE_ACTIVITY,0.5048008171603676,0.4716981132075472,0.4730337078651685,0.4811320754716981
5779,GO_ENDORIBONUCLEASE_ACTIVITY,0.5502553626149133,0.5238993710691824,0.4810010214504596,0.5238993710691824
5780,GO_NEUROTROPHIN_RECEPTOR_BINDING,0.5542390194075587,0.5383647798742138,0.46281920326864145,0.5477987421383648
5781,GO_UBIQUITIN_LIKE_PROTEIN_SPECIFIC_PROTEASE_ACTIVITY,0.6457609805924412,0.6018867924528302,0.4732379979570991,0.5477987421383648
5782,GO_PHOSPHOLIPID_BINDING,0.69438202247191,0.47861635220125787,0.4470888661899897,0.5610062893081761
5783,GO_C_ACYLTRANSFERASE_ACTIVITY,0.546782431052094,0.519496855345912,0.47191011235955055,0.4811320754716981
5784,GO_INTRAMOLECULAR_OXIDOREDUCTASE_ACTIVITY,0.537691521961185,0.49056603773584906,0.4676200204290092,0.49559748427672956
5785,GO_G_PROTEIN_COUPLED_CHEMOATTRACTANT_RECEPTOR_ACTIVITY,0.5649642492339122,0.5811320754716981,0.5,0.5
5786,GO_SEQUENCE_SPECIFIC_DNA_BINDING,0.7010214504596528,0.5622641509433962,0.44259448416751784,0.5540880503144654
5787,GO_GTP_DEPENDENT_PROTEIN_BINDING,0.5449438202247191,0.5383647798742138,0.4943820224719101,0.5333333333333333
5788,GO_TRANSCRIPTION_COREPRESSOR_ACTIVITY,0.6703779366700715,0.6113207547169811,0.43748723186925437,0.5842767295597484
5789,GO_DEATH_RECEPTOR_ACTIVITY,0.5424923391215526,0.5157232704402516,0.4970377936670072,0.590566037735849
5790,GO_RIBONUCLEASE_ACTIVITY,0.578549540347293,0.5578616352201258,0.4615934627170582,0.49559748427672956
5791,GO_MISFOLDED_PROTEIN_BINDING,0.5467824310520939,0.49056603773584906,0.4943820224719101,0.49056603773584906
5792,GO_LAMININ_BINDING,0.5818181818181818,0.5207547169811321,0.4892747701736465,0.540251572327044
5793,GO_GLUTAMATE_RECEPTOR_BINDING,0.6552604698672114,0.5540880503144654,0.5,0.5
5794,GO_CYTOKINE_RECEPTOR_ACTIVITY,0.6466802860061287,0.5471698113207547,0.44790602655771194,0.5471698113207547
5795,GO_ACID_PHOSPHATASE_ACTIVITY,0.5307456588355465,0.5477987421383648,0.4866189989785495,0.4811320754716981
5796,GO_ENDOPEPTIDASE_ACTIVITY,0.6825331971399388,0.6037735849056605,0.4753830439223698,0.5836477987421383
5797,GO_OXIDOREDUCTASE_ACTIVITY_ACTING_ON_PAIRED_DONORS_WITH_INCORPORATION_OR_REDUCTION_OF_MOLECULAR_OXYGEN_REDUCED_FLAVIN_OR_FLAVOPROTEIN_AS_ONE_DONOR_AND_INCORPORATION_OF_ONE_ATOM_OF_OXYGEN,0.6149131767109295,0.4949685534591195,0.4914198161389173,0.5572327044025157
5798,GO_ARYLSULFATASE_ACTIVITY,0.5933605720122573,0.5383647798742138,0.49570990806945864,0.49056603773584906
5799,GO_NOTCH_BINDING,0.5681307456588355,0.5182389937106918,0.4887640449438202,0.49056603773584906
5800,GO_CATION_AMINO_ACID_SYMPORTER_ACTIVITY,0.5818181818181818,0.5333333333333333,0.49570990806945864,0.5333333333333333
5801,GO_DEAMINASE_ACTIVITY,0.5872318692543411,0.5622641509433962,0.4922369765066394,0.5333333333333333
5802,GO_THYROID_HORMONE_RECEPTOR_BINDING,0.5858018386108274,0.6050314465408805,0.49785495403472924,0.49056603773584906
5803,GO_RECEPTOR_SIGNALING_PROTEIN_ACTIVITY,0.6303370786516854,0.5308176100628931,0.44014300306435133,0.5283018867924528
5804,GO_METALLOAMINOPEPTIDASE_ACTIVITY,0.5472931562819204,0.5672955974842767,0.5,0.5
5805,GO_GAP_JUNCTION_CHANNEL_ACTIVITY,0.5580183861082737,0.4811320754716981,0.47752808988764045,0.5144654088050314
5806,GO_DOPAMINE_RECEPTOR_BINDING,0.5706843718079672,0.5528301886792453,0.49785495403472924,0.4811320754716981
5807,GO_SIGNALING_PATTERN_RECOGNITION_RECEPTOR_ACTIVITY,0.5500510725229827,0.640251572327044,0.47538304392236974,0.5238993710691824
5808,GO_NEUROPEPTIDE_BINDING,0.6164453524004087,0.5276729559748428,0.4654749744637385,0.5245283018867924
5809,GO_HIGH_VOLTAGE_GATED_CALCIUM_CHANNEL_ACTIVITY,0.5853932584269663,0.5867924528301887,0.4823289070480081,0.5050314465408805
5810,GO_GAMMA_CATENIN_BINDING,0.5794688457609807,0.5679245283018868,0.48314606741573035,0.49056603773584906
5811,GO_CALCIUM_DEPENDENT_CYSTEINE_TYPE_ENDOPEPTIDASE_ACTIVITY,0.5506639427987743,0.6333333333333333,0.4844739530132789,0.5238993710691824
5812,GO_TBP_CLASS_PROTEIN_BINDING,0.5948927477017365,0.5477987421383648,0.49785495403472924,0.5333333333333333
5813,GO_OXIDOREDUCTASE_ACTIVITY_ACTING_ON_NAD_P_H_QUINONE_OR_SIMILAR_COMPOUND_AS_ACCEPTOR,0.5264555669050051,0.5477987421383648,0.48314606741573035,0.5238993710691824
5814,GO_TAU_PROTEIN_KINASE_ACTIVITY,0.56414708886619,0.5578616352201258,0.4943820224719101,0.5333333333333333
5815,GO_TRANSCRIPTION_FACTOR_ACTIVITY_RNA_POLYMERASE_II_CORE_PROMOTER_SEQUENCE_SPECIFIC,0.5805924412665986,0.5716981132075472,0.4922369765066394,0.5666666666666667
5816,GO_RIBOSOME_BINDING,0.5303370786516853,0.4861635220125786,0.4902962206332992,0.46226415094339623
5817,GO_TRANSCRIPTION_COACTIVATOR_ACTIVITY,0.6205311542390195,0.5433962264150943,0.4617977528089888,0.5050314465408805
5818,GO_RECEPTOR_REGULATOR_ACTIVITY,0.5989785495403472,0.48930817610062893,0.4810010214504596,0.5238993710691824
5819,GO_LYSINE_N_METHYLTRANSFERASE_ACTIVITY,0.6088866189989786,0.5459119496855346,0.4943820224719101,0.5144654088050314
5820,GO_SODIUM_ION_BINDING,0.5780388151174668,0.510062893081761,0.47538304392236974,0.5238993710691824
5821,GO_C_C_CHEMOKINE_RECEPTOR_ACTIVITY,0.5289070480081716,0.5383647798742138,0.4922369765066394,0.5238993710691824
5822,GO_OXIDOREDUCTASE_ACTIVITY,0.6493360572012258,0.5930817610062893,0.4906026557711951,0.5622641509433962
5823,GO_MONOSACCHARIDE_BINDING,0.630541368743616,0.4440251572327044,0.4774259448416751,0.5477987421383648
5824,GO_CORE_PROMOTER_PROXIMAL_REGION_DNA_BINDING,0.6772216547497446,0.5729559748427673,0.46772216547497447,0.5654088050314465
5825,GO_EPHRIN_RECEPTOR_ACTIVITY,0.582635342185904,0.5691823899371069,0.4858018386108274,0.5238993710691824
5826,GO_ATPASE_ACTIVITY,0.6524004085801839,0.47861635220125787,0.46220633299284986,0.4849056603773585
5827,GO_GTPASE_BINDING,0.6594484167517876,0.5830188679245284,0.4447395301327885,0.5433962264150943
5828,GO_PRE_MRNA_BINDING,0.5299284984678243,0.4767295597484277,0.4943820224719101,0.49056603773584906
5829,GO_TRANSMEMBRANE_RECEPTOR_PROTEIN_SERINE_THREONINE_KINASE_ACTIVITY,0.5168539325842696,0.5050314465408805,0.4776302349336057,0.5050314465408805
5830,GO_G_PROTEIN_COUPLED_RECEPTOR_BINDING,0.6776302349336057,0.5169811320754717,0.4297242083758938,0.5509433962264151
5831,GO_LIGASE_ACTIVITY_FORMING_CARBON_OXYGEN_BONDS,0.5514811031664963,0.5157232704402516,0.4662921348314607,0.5050314465408805
5832,GO_CARBON_OXYGEN_LYASE_ACTIVITY,0.5575076608784474,0.5490566037735849,0.4790602655771195,0.5452830188679245
5833,GO_ADENYL_NUCLEOTIDE_BINDING,0.6269662921348315,0.5842767295597484,0.5228804902962206,0.6138364779874214
5834,GO_EXTRACELLULAR_GLUTAMATE_GATED_ION_CHANNEL_ACTIVITY,0.6601634320735444,0.5584905660377358,0.4566905005107252,0.5666666666666667
5835,GO_SOLUTE_SODIUM_SYMPORTER_ACTIVITY,0.668335035750766,0.5371069182389937,0.4693564862104188,0.5591194968553459
5836,GO_PHOSPHATIDATE_PHOSPHATASE_ACTIVITY,0.5,0.5,0.48314606741573035,0.4811320754716981
5837,GO_TRANSFERASE_ACTIVITY_TRANSFERRING_PENTOSYL_GROUPS,0.5724208375893769,0.5779874213836478,0.4696629213483146,0.5893081761006289
5838,GO_NUCLEOTIDE_KINASE_ACTIVITY,0.5931562819203269,0.6257861635220126,0.5,0.5
5839,GO_NEUROTRANSMITTER_TRANSPORTER_ACTIVITY,0.6137895812053116,0.569811320754717,0.4991828396322779,0.4817610062893082
5840,GO_TRNA_METHYLTRANSFERASE_ACTIVITY,0.5307456588355465,0.5572327044025157,0.4879468845760981,0.4716981132075472
5841,GO_HISTONE_METHYLTRANSFERASE_ACTIVITY_H3_K4_SPECIFIC_,0.5748723186925433,0.5238993710691824,0.5,0.5
5842,GO_CELL_ADHESION_MOLECULE_BINDING,0.6874361593462717,0.5408805031446541,0.44034729315628196,0.6144654088050314
5843,GO_RECEPTOR_BINDING,0.6240040858018386,0.6735849056603773,0.5022471910112359,0.6465408805031447
5844,GO_RECEPTOR_INHIBITOR_ACTIVITY,0.5481103166496425,0.6050314465408805,0.5,0.5
5845,GO_CADHERIN_BINDING,0.6111338100102145,0.5452830188679245,0.4943820224719101,0.5333333333333333
5846,GO_SEMAPHORIN_RECEPTOR_BINDING,0.587946884576098,0.5716981132075472,0.5,0.5
5847,GO_METALLOENDOPEPTIDASE_INHIBITOR_ACTIVITY,0.5542390194075587,0.5911949685534591,0.4625127681307456,0.5955974842767295
5848,GO_EPHRIN_RECEPTOR_BINDING,0.5644535240040859,0.5452830188679245,0.4858018386108274,0.5238993710691824
5849,GO_CHLORIDE_CHANNEL_REGULATOR_ACTIVITY,0.5724208375893769,0.5735849056603773,0.5,0.5
5850,GO_OPSONIN_BINDING,0.5481103166496425,0.5572327044025157,0.4633299284984678,0.5622641509433962
5851,GO_DNA_HELICASE_ACTIVITY,0.633605720122574,0.529559748427673,0.48815117466802865,0.5050314465408805
5852,GO_AMMONIUM_ION_BINDING,0.6657814096016343,0.5779874213836478,0.4491317671092952,0.5226415094339623
5853,GO_RNA_POLYMERASE_II_TRANSCRIPTION_FACTOR_BINDING,0.6335035750766087,0.6012578616352201,0.4752808988764045,0.5691823899371069
5854,GO_EXONUCLEASE_ACTIVITY_ACTIVE_WITH_EITHER_RIBO_OR_DEOXYRIBONUCLEIC_ACIDS_AND_PRODUCING_5_PHOSPHOMONOESTERS,0.5357507660878448,0.5050314465408805,0.4925434116445352,0.5144654088050314
5855,GO_ASPARTIC_TYPE_PEPTIDASE_ACTIVITY,0.5229826353421858,0.49056603773584906,0.49009193054136874,0.5666666666666667
5856,GO_RNA_POLYMERASE_ACTIVITY,0.5524004085801838,0.5238993710691824,0.5,0.5
5857,GO_PROTEIN_PHOSPHATASE_2A_BINDING,0.546782431052094,0.5433962264150943,0.4887640449438202,0.5333333333333333
5858,GO_MONOCARBOXYLIC_ACID_BINDING,0.645658835546476,0.4716981132075472,0.5,0.5
5859,GO_ISOMERASE_ACTIVITY,0.6384065372829418,0.6213836477987421,0.478855975485189,0.5383647798742138
5860,GO_HYDROLASE_ACTIVITY_ACTING_ON_CARBON_NITROGEN_BUT_NOT_PEPTIDE_BONDS,0.6674157303370787,0.539622641509434,0.45883554647599584,0.590566037735849
5861,GO_PLATELET_DERIVED_GROWTH_FACTOR_RECEPTOR_BINDING,0.5662921348314607,0.5144654088050314,0.4866189989785495,0.5333333333333333
5862,GO_DNA_POLYMERASE_BINDING,0.597752808988764,0.4817610062893082,0.5,0.5
5863,GO_NUCLEOBASE_CONTAINING_COMPOUND_KINASE_ACTIVITY,0.6286006128702758,0.5314465408805031,0.48314606741573035,0.5333333333333333
5864,GO_TRANSPORTER_ACTIVITY,0.7087844739530134,0.6138364779874214,0.5091930541368743,0.5987421383647799
5865,GO_VOLTAGE_GATED_CALCIUM_CHANNEL_ACTIVITY,0.6079673135852912,0.5729559748427673,0.48253319713993864,0.5088050314465409
5866,GO_CYTOKINE_ACTIVITY,0.6614913176710929,0.5874213836477987,0.4707865168539325,0.5672955974842767
5867,GO_EXODEOXYRIBONUCLEASE_ACTIVITY,0.5216547497446373,0.49056603773584906,0.5,0.5
5868,GO_4_IRON_4_SULFUR_CLUSTER_BINDING,0.5329928498467824,0.5452830188679245,0.4810010214504596,0.5333333333333333
5869,GO_OXIDOREDUCTASE_ACTIVITY_ACTING_ON_PAIRED_DONORS_WITH_INCORPORATION_OR_REDUCTION_OF_MOLECULAR_OXYGEN_NAD_P_H_AS_ONE_DONOR_AND_INCORPORATION_OF_ONE_ATOM_OF_OXYGEN,0.6122574055158325,0.6383647798742138,0.4606741573033708,0.5666666666666667
5870,GO_PHOSPHOLIPASE_ACTIVITY,0.6204290091930541,0.4968553459119497,0.47282941777323795,0.46855345911949686
5871,GO_ARACHIDONIC_ACID_MONOOXYGENASE_ACTIVITY,0.6652706843718079,0.5289308176100629,0.5,0.5
5872,GO_N_ACETYLTRANSFERASE_ACTIVITY,0.641164453524004,0.5886792452830188,0.4727272727272727,0.6157232704402515
5873,GO_HYDROLASE_ACTIVITY_HYDROLYZING_O_GLYCOSYL_COMPOUNDS,0.6763023493360573,0.5119496855345912,0.48539325842696623,0.5647798742138365
5874,GO_MACROMOLECULAR_COMPLEX_BINDING,0.7058222676200204,0.5628930817610063,0.5036772216547498,0.5245283018867926
5875,GO_INTRAMOLECULAR_OXIDOREDUCTASE_ACTIVITY_INTERCONVERTING_ALDOSES_AND_KETOSES,0.5,0.5,0.4922369765066394,0.49056603773584906
5876,GO_ACID_THIOL_LIGASE_ACTIVITY,0.624514811031665,0.510062893081761,0.5,0.5
5877,GO_STRUCTURAL_MOLECULE_ACTIVITY,0.713993871297242,0.5452830188679245,0.458120531154239,0.5276729559748428
5878,GO_HISTONE_DEACETYLASE_ACTIVITY_H3_K14_SPECIFIC_,0.5486210418794689,0.519496855345912,0.5,0.5
5879,GO_RNA_BINDING,0.6911133810010215,0.5767295597484277,0.49570990806945864,0.5610062893081762
5880,GO_ODORANT_BINDING,0.634729315628192,0.5226415094339623,0.4643513789581205,0.4981132075471698
5881,GO_CYSTEINE_TYPE_ENDOPEPTIDASE_INHIBITOR_ACTIVITY,0.5802860061287027,0.48050314465408805,0.49581205311542387,0.5069182389937107
5882,GO_PHOSPHATIDYLINOSITOL_3_4_5_TRISPHOSPHATE_BINDING,0.5735444330949948,0.4861635220125786,0.48774259448416757,0.48930817610062893
5883,GO_RNA_POLYMERASE_II_DISTAL_ENHANCER_SEQUENCE_SPECIFIC_DNA_BINDING,0.6580183861082738,0.6037735849056604,0.48590398365679266,0.5930817610062893
5884,GO_CYTOKINE_RECEPTOR_BINDING,0.7059244126659857,0.6679245283018869,0.4561797752808988,0.5893081761006289
5885,GO_PHOSPHATASE_REGULATOR_ACTIVITY,0.6143003064351379,0.5421383647798742,0.4611848825331971,0.580503144654088
5886,GO_OXIDOREDUCTASE_ACTIVITY_ACTING_ON_THE_CH_NH_GROUP_OF_DONORS,0.5467824310520939,0.5238993710691824,0.4866189989785495,0.5333333333333333
5887,GO_TUMOR_NECROSIS_FACTOR_RECEPTOR_SUPERFAMILY_BINDING,0.5461695607763024,0.5490566037735849,0.4887640449438202,0.49056603773584906
5888,GO_PROTEIN_CHANNEL_ACTIVITY,0.5,0.5,0.4887640449438202,0.49056603773584906
5889,GO_CORE_PROMOTER_SEQUENCE_SPECIFIC_DNA_BINDING,0.6270684371807966,0.4591194968553459,0.4898876404494382,0.5465408805031446
5890,GO_HISTONE_KINASE_ACTIVITY,0.5787538304392237,0.5062893081761006,0.4789581205311542,0.5981132075471698
5891,GO_ARMADILLO_REPEAT_DOMAIN_BINDING,0.5481103166496425,0.5144654088050314,0.48314606741573035,0.49056603773584906
5892,GO_CATION_CHANNEL_ACTIVITY,0.6963227783452502,0.5880503144654089,0.46271705822267617,0.519496855345912
5893,GO_RAB_GUANYL_NUCLEOTIDE_EXCHANGE_FACTOR_ACTIVITY,0.5949948927477018,0.5861635220125786,0.4858018386108274,0.4716981132075472
5894,GO_OXIDIZED_NAD_BINDING,0.5125638406537283,0.49056603773584906,0.49785495403472924,0.5333333333333333
5895,GO_GROWTH_FACTOR_BINDING,0.6668028600612871,0.6226415094339623,0.43319713993871295,0.48364779874213837
5896,GO_CALCIUM_CHANNEL_REGULATOR_ACTIVITY,0.5823289070480081,0.5484276729559748,0.4797752808988764,0.6069182389937107
5897,GO_THIOESTERASE_BINDING,0.5216547497446373,0.5578616352201258,0.4922369765066394,0.5238993710691824
5898,GO_INOSITOL_TRISPHOSPHATE_PHOSPHATASE_ACTIVITY,0.5628192032686415,0.5050314465408805,0.4866189989785495,0.46226415094339623
5899,GO_TRANSFERASE_ACTIVITY_TRANSFERRING_PHOSPHORUS_CONTAINING_GROUPS,0.6930541368743616,0.5955974842767295,0.49039836567926454,0.6025157232704403
5900,GO_HYDROLASE_ACTIVITY_ACTING_ON_ETHER_BONDS,0.5439223697650664,0.5289308176100629,0.49570990806945864,0.5238993710691824
5901,GO_ACYL_COA_DEHYDROGENASE_ACTIVITY,0.541164453524004,0.5238993710691824,0.49570990806945864,0.5666666666666667
5902,GO_LIGASE_ACTIVITY,0.7159346271705822,0.46352201257861636,0.42543411644535234,0.5735849056603773
5903,GO_HEXOSAMINIDASE_ACTIVITY,0.5763023493360572,0.590566037735849,0.49570990806945864,0.49056603773584906
5904,GO_MRNA_3_UTR_BINDING,0.5711950970377937,0.5339622641509434,0.4799795709908069,0.5716981132075472
5905,GO_PHOSPHATIDYLINOSITOL_4_PHOSPHATE_BINDING,0.5549540347293156,0.479874213836478,0.49785495403472924,0.4811320754716981
5906,GO_CYSTEINE_TYPE_ENDOPEPTIDASE_ACTIVITY_INVOLVED_IN_APOPTOTIC_PROCESS,0.5584269662921348,0.5383647798742138,0.49009193054136874,0.4716981132075472
5907,GO_SODIUM_CHANNEL_ACTIVITY,0.6548518896833503,0.5207547169811321,0.46782431052093976,0.47735849056603774
5908,GO_STRUCTURE_SPECIFIC_DNA_BINDING,0.6559754851889683,0.639622641509434,0.4642492339121552,0.5622641509433962
5909,GO_COENZYME_BINDING,0.6402451481103166,0.5471698113207547,0.44473953013278855,0.5088050314465409
5910,GO_SNORNA_BINDING,0.5383043922369766,0.5144654088050314,0.4902962206332992,0.5144654088050314
5911,GO_SODIUM_ION_TRANSMEMBRANE_TRANSPORTER_ACTIVITY,0.6923391215526046,0.5427672955974843,0.44974463738508685,0.5371069182389937
5912,GO_NUCLEOTIDYLTRANSFERASE_ACTIVITY,0.6062308478038815,0.5647798742138365,0.4844739530132789,0.5572327044025157
5913,GO_CALCIUM_DEPENDENT_PHOSPHOLIPID_BINDING,0.6154239019407559,0.5471698113207547,0.45709908069458627,0.6509433962264151
5914,GO_CYSTEINE_TYPE_ENDOPEPTIDASE_REGULATOR_ACTIVITY_INVOLVED_IN_APOPTOTIC_PROCESS,0.6297242083758938,0.5314465408805031,0.4866189989785495,0.5666666666666667
5915,GO_HISTONE_METHYLTRANSFERASE_ACTIVITY,0.6164453524004087,0.5113207547169811,0.4661899897854954,0.5477987421383648
5916,GO_PROTEIN_TYROSINE_KINASE_ACTIVATOR_ACTIVITY,0.5347293156281919,0.519496855345912,0.5,0.5
